1676	21	2205	6	6	1973	1973	567	312	0	213	525	525	567	0	1092	0	0	1	1	3	1	6	0	1973	1	264	144	0	0	0	0	0	2	2007	113500
2655	56	9576	6	7	1945	1950	0	310	0	460	770	885	297	0	1182	0	0	1	1	3	1	5	0	1945	1	378	0	0	0	0	0	0	5	2006	120000
30	21	1680	6	5	1971	1971	504	156	0	327	483	483	504	0	987	0	0	1	1	2	1	5	0	1971	1	264	275	0	0	0	0	0	2	2010	96000
512	76	9139	8	5	2006	2006	206	379	0	1043	1422	1432	0	0	1432	0	0	2	0	3	1	7	1	2006	2	492	297	50	0	0	0	0	9	2009	245000
1718	34	3903	6	5	2005	2006	182	1030	0	272	1302	1302	0	0	1302	1	0	1	1	1	1	5	1	2005	2	631	110	50	0	0	0	0	5	2007	200000
2039	60	7200	5	7	1920	1996	0	0	0	530	530	581	530	0	1111	0	0	1	0	3	1	6	0	1935	1	288	0	0	144	0	0	0	3	2007	101000
2517	30	9549	8	5	1995	1996	0	437	1057	0	1494	1494	0	0	1494	1	0	1	1	2	1	6	1	1995	2	481	0	30	0	0	216	0	4	2006	270000
2008	98	8731	5	5	1920	1950	0	645	0	270	915	1167	0	0	1167	0	0	1	0	3	1	6	1	1972	2	495	0	0	216	0	126	0	5	2007	144000
1305	50	6000	4	7	1954	2000	0	0	0	901	901	901	0	0	901	0	0	1	0	2	1	4	0	1954	1	281	0	0	0	0	0	0	8	2008	107900
2929	77	10010	5	5	1974	1975	0	1071	123	195	1389	1389	0	0	1389	1	0	1	0	2	1	6	1	1975	2	418	240	38	0	0	0	0	4	2006	170000
2561	80	9600	5	5	1951	1951	144	996	0	60	1056	1216	0	0	1216	1	0	1	0	3	1	7	0	1951	1	280	0	0	0	0	0	0	5	2006	135000
555	63	9750	5	5	1962	1962	0	68	884	28	980	980	0	0	980	1	0	1	0	3	1	5	0	1969	2	400	0	28	0	0	0	0	11	2009	110000
416	24	2289	6	6	1978	1978	0	311	0	544	855	855	586	0	1441	0	0	2	1	3	1	7	1	1978	2	440	28	0	0	0	0	0	4	2009	148500
2744	57	6420	5	7	1952	1952	0	210	551	219	980	1148	0	0	1148	0	1	1	0	2	1	6	0	1952	1	308	0	0	0	0	0	0	9	2006	123500
634	66	9240	6	8	1959	1998	0	708	0	280	988	988	0	0	988	1	0	2	0	3	1	6	0	1959	1	297	156	0	0	0	0	0	6	2009	149500
1954	75	8700	5	7	1961	1961	53	192	0	728	920	888	0	0	888	0	1	1	0	3	1	5	0	1961	1	240	0	0	0	0	0	0	2	2007	120000
1604	37	6951	5	5	1984	1985	0	658	0	218	876	923	0	0	923	1	0	1	0	3	1	5	0	1984	1	264	362	0	0	0	0	0	10	2008	119500
972	32	4500	6	5	1998	1998	320	866	0	338	1204	1204	0	0	1204	1	0	2	0	2	1	5	0	1998	2	412	0	247	0	0	0	0	6	2009	162000
2704	50	5220	5	3	1936	1950	0	0	0	830	830	879	0	0	879	0	0	1	0	2	1	4	0	1936	1	180	0	108	0	0	0	0	1	2006	80000
1256	45	7506	5	8	1925	1950	0	0	0	747	747	747	412	0	1159	0	0	1	0	3	1	5	0	1932	1	288	84	0	96	0	0	0	5	2008	114000
823	71	9178	8	5	2008	2008	0	0	0	1468	1468	1468	0	0	1468	0	0	2	0	3	1	6	1	2008	3	904	192	142	0	0	0	0	6	2009	239900
697	90	15660	5	8	1910	2003	0	0	0	240	240	810	496	0	1306	0	0	1	1	3	1	6	0	1959	2	472	0	0	0	0	0	0	7	2009	130000
1858	40	3840	8	6	1978	1998	0	881	176	0	1057	1295	0	0	1295	1	0	1	0	1	1	4	2	1978	2	571	133	89	0	0	0	0	7	2007	213750
685	70	7931	5	5	1959	1959	0	1148	0	0	1148	1148	0	0	1148	1	0	1	0	3	1	6	0	1959	1	672	0	0	0	0	0	0	7	2009	132500
1328	55	7111	5	7	1928	1983	0	406	273	329	1008	1143	0	0	1143	0	0	1	0	2	1	5	1	1992	1	288	265	0	0	0	0	0	7	2008	138000
280	94	7819	6	5	1976	1976	0	422	127	480	1029	1117	0	0	1117	1	0	1	0	3	1	6	1	1976	2	672	144	0	0	0	0	0	3	2010	107000
1584	82	11202	8	5	2003	2003	206	1029	0	403	1432	1440	0	0	1440	1	0	2	0	3	1	7	1	2003	2	467	185	95	0	0	0	0	6	2008	232500
2877	50	8765	4	6	1936	1950	0	285	0	666	951	951	0	0	951	0	0	1	0	2	1	6	0	1936	1	327	0	28	0	0	0	0	4	2006	106500
395	61	7930	6	8	1969	2005	0	439	472	115	1026	1026	0	0	1026	1	0	1	0	3	1	5	0	1969	2	440	171	48	0	0	0	0	7	2009	156000
796	42	4235	5	5	1984	1984	149	552	393	104	1049	1049	0	0	1049	1	0	2	0	2	1	5	0	1984	1	266	0	105	0	0	0	0	2	2009	139500
2592	70	13300	5	5	1956	2001	0	494	0	521	1015	1384	0	0	1384	1	0	1	0	2	1	6	0	2001	2	896	75	0	0	323	0	400	6	2006	159000
99	24	2544	6	5	2005	2005	216	376	0	224	600	600	636	0	1236	1	0	2	1	2	1	4	0	2005	2	480	0	166	0	0	0	0	5	2010	152000
1230	80	10197	6	5	1961	1961	491	288	374	700	1362	1362	0	0	1362	1	0	1	1	3	1	6	1	1961	2	504	0	20	0	0	0	0	6	2008	163000
2615	73	7100	5	7	1957	1957	0	708	0	108	816	816	0	0	816	1	0	1	0	2	1	5	0	1957	1	308	0	0	0	0	0	0	7	2006	129900
1288	80	4800	5	5	1910	2003	0	0	0	680	680	680	680	0	1360	0	0	1	0	2	1	6	0	1910	1	330	192	50	0	0	0	0	1	2008	111000
2576	80	11600	6	5	1960	1960	175	565	0	818	1383	1383	0	0	1383	0	0	1	1	3	1	7	0	1960	1	292	0	45	0	0	0	0	4	2006	145250
679	60	7200	4	5	1949	1950	0	0	0	0	0	1040	0	0	1040	0	0	2	0	2	2	6	0	1956	2	420	0	0	0	0	0	0	6	2009	90000
2773	43	13568	5	5	1995	1995	0	716	0	274	990	990	0	0	990	0	1	1	0	3	1	5	0	1996	2	576	224	0	0	0	0	0	7	2006	156000
2581	72	10011	5	6	1957	1996	64	360	0	710	1070	1236	0	0	1236	0	1	1	0	2	1	6	1	1957	1	447	0	0	0	0	0	0	5	2006	134450
2414	58	17104	7	5	2006	2006	0	554	0	100	654	664	832	0	1496	1	0	2	1	3	1	7	1	2006	2	426	100	24	0	0	0	0	9	2006	179665
1605	60	6600	5	9	1982	2008	0	641	0	175	816	816	0	0	816	0	1	1	0	3	1	5	1	1982	1	264	0	0	0	0	0	0	10	2008	130500
600	60	7436	4	7	1960	1960	0	734	0	160	894	894	0	0	894	1	0	1	0	2	1	5	1	1988	2	396	0	0	0	360	0	0	8	2009	141500
1381	68	10265	5	7	1967	2005	0	758	0	234	992	992	0	0	992	1	0	1	0	3	1	6	0	1967	1	294	204	0	0	0	0	600	7	2008	145000
334	50	6953	5	7	1971	2004	0	469	0	395	864	874	0	0	874	0	0	1	0	3	1	5	0	1971	1	352	0	0	0	0	0	0	6	2010	130000
2554	68	9724	5	7	1947	1950	0	0	0	938	938	1043	0	0	1043	0	0	1	0	2	1	5	1	1947	1	273	125	48	0	0	0	0	5	2006	137000
456	34	5001	7	5	2007	2008	166	904	0	410	1314	1314	0	0	1314	1	0	2	0	2	1	6	1	2008	2	626	172	62	0	0	0	0	7	2009	230000
1089	51	8029	6	5	2005	2005	0	0	0	728	728	728	728	0	1456	0	0	2	1	3	1	8	0	2005	2	400	100	24	0	0	0	0	7	2008	176000
2105	68	8814	7	5	2005	2007	80	925	0	349	1274	1274	0	0	1274	1	0	2	0	3	1	6	0	2005	2	508	264	98	0	0	0	0	1	2007	203000
2194	60	8190	4	6	1954	1954	0	732	0	216	948	948	0	0	948	1	0	1	0	3	1	5	1	1956	1	280	0	36	0	0	0	0	10	2007	119000
1304	50	6000	5	6	1957	1957	0	308	0	620	928	928	0	0	928	0	0	1	0	3	1	5	0	1957	1	288	0	0	0	0	0	0	6	2008	112500
2548	85	9350	5	6	1964	1964	0	360	0	360	720	720	720	0	1440	0	0	1	1	4	1	7	1	1964	2	480	0	32	240	0	0	0	7	2006	157500
2644	70	5684	6	8	1930	2005	0	0	0	813	813	813	0	0	813	0	0	1	0	2	1	5	0	1932	1	270	0	113	0	0	0	0	6	2006	110000
682	70	7560	5	6	1958	1965	0	504	0	525	1029	1339	0	0	1339	0	0	1	0	3	1	6	0	1958	1	294	0	0	0	0	0	0	5	2009	139000
2685	58	6380	5	6	1922	1950	0	0	0	993	993	1048	0	0	1048	0	0	1	0	2	1	5	1	1922	1	280	0	0	116	0	0	0	8	2006	113000
2839	60	8172	5	7	1955	1990	0	167	0	697	864	864	0	0	864	1	0	1	0	2	1	5	0	1957	2	572	0	0	0	0	0	0	4	2006	115000
1217	80	10721	6	6	1959	1959	243	0	0	1252	1252	1252	0	0	1252	0	0	1	0	3	1	7	0	1960	2	528	0	39	0	0	0	0	10	2008	142000
2158	73	17227	8	5	1999	2000	158	915	0	426	1341	1341	0	0	1341	1	0	1	1	1	1	5	1	1999	2	482	240	84	0	0	0	0	1	2007	246900
762	50	4280	4	9	1946	2001	0	0	0	560	560	704	0	0	704	0	1	1	0	2	1	4	0	1946	1	220	0	0	24	0	0	0	9	2009	88750
494	64	7848	7	6	1999	1999	0	0	0	384	384	774	656	0	1430	0	0	2	1	3	1	7	1	1999	2	410	0	0	0	0	0	0	6	2009	168000
940	59	10690	5	7	1920	1997	0	456	0	216	672	672	672	0	1344	0	0	1	0	3	1	6	0	1964	1	468	0	128	218	0	0	0	7	2009	147000
856	61	8800	5	7	1977	2008	0	532	144	364	1040	1040	0	0	1040	0	0	2	0	3	1	5	0	1977	2	484	0	0	0	0	288	0	9	2009	150500
2163	63	8500	7	5	2004	2004	106	0	0	1422	1422	1422	0	0	1422	0	0	2	0	3	1	7	0	2004	2	626	192	60	0	0	0	0	11	2007	179600
1653	79	11850	6	6	1984	1984	98	781	0	372	1153	1177	0	0	1177	0	0	2	0	3	1	6	0	1984	2	495	204	103	0	0	0	0	8	2007	151500
76	50	8012	6	5	1980	1980	0	543	119	261	923	923	0	0	923	0	0	2	0	2	1	5	1	1980	1	264	80	0	0	0	0	0	5	2010	143000
2327	30	3701	8	5	1987	1987	0	0	0	1191	1191	1204	0	0	1204	0	0	2	0	2	1	5	0	1987	2	461	120	70	0	0	0	0	8	2006	130000
1674	33	4113	6	5	2001	2001	0	0	0	1337	1337	1337	0	0	1337	0	0	2	0	2	1	5	1	2001	2	511	136	68	0	0	0	0	7	2007	155000
273	65	8773	7	5	2004	2004	98	24	0	1390	1414	1414	0	0	1414	0	0	2	0	3	1	6	0	2004	2	494	132	105	0	0	0	0	5	2010	185500
1263	76	11355	7	7	1958	2001	125	637	0	675	1312	1312	0	0	1312	0	0	1	1	3	1	6	1	1958	2	495	0	304	144	0	0	6500	4	2008	186000
143	70	8400	5	6	1957	1957	0	922	0	392	1314	1314	0	0	1314	1	0	1	0	3	1	5	0	1957	1	294	250	0	0	0	0	0	6	2010	145000
2165	64	8334	6	5	2006	2007	0	0	0	1330	1330	1330	0	0	1330	0	0	2	0	3	1	6	1	2006	2	437	0	23	0	0	0	0	7	2007	167840
52	100	18494	6	5	2005	2005	0	0	0	1324	1324	1324	0	0	1324	0	0	2	0	3	1	6	0	2005	2	430	36	23	0	0	0	0	1	2010	199500
1049	24	2529	7	6	1977	1977	0	378	0	677	1055	1055	0	0	1055	0	0	2	0	2	1	4	0	1977	2	440	0	38	0	0	0	0	9	2008	148500
2307	85	10533	6	6	1956	1956	244	773	0	235	1008	1024	0	0	1024	1	0	1	0	2	1	5	2	1956	1	313	0	0	0	0	280	0	8	2006	157500
946	109	21780	2	4	1910	1950	0	0	0	0	0	810	0	0	810	0	0	1	0	1	1	4	0	1975	1	280	119	24	0	0	0	0	3	2009	57625
116	78	9360	6	7	1972	2006	0	982	0	179	1161	1381	0	0	1381	1	0	1	1	3	1	5	1	1972	2	676	0	0	0	0	0	0	3	2010	197500
790	68	9571	5	5	1956	1956	0	257	0	816	1073	1073	0	0	1073	1	0	1	0	2	1	5	0	1956	1	340	0	0	0	0	0	0	2	2009	121500
631	73	8760	5	7	1956	1956	164	856	0	313	1169	1144	0	0	1144	1	0	1	0	3	1	6	0	1956	1	286	257	0	0	0	0	0	6	2009	150000
29	26	5858	7	5	1999	1999	0	1051	0	354	1405	1337	0	0	1337	1	0	2	0	2	1	5	1	1999	2	511	203	68	0	0	0	0	6	2010	184000
653	60	9600	5	6	1950	1950	0	390	0	810	1200	1200	0	0	1200	0	0	1	0	3	1	6	0	1950	1	246	126	0	0	0	0	0	8	2009	129900
963	130	11457	6	5	1988	1988	0	1005	0	387	1392	1412	0	0	1412	1	0	2	0	3	1	6	1	1988	2	576	0	0	169	0	0	0	3	2009	175000
94	25	4835	7	5	2004	2005	0	1298	0	190	1488	1488	0	0	1488	1	0	2	0	2	1	6	1	2004	2	506	168	50	0	0	0	0	3	2010	260000
329	36	2592	5	3	1976	1976	0	129	232	175	536	536	576	0	1112	0	0	1	1	3	1	4	0	1976	1	336	182	0	0	0	0	0	4	2010	85000
1901	85	12172	5	7	1940	1996	0	130	259	433	822	908	0	0	908	0	0	1	0	2	1	4	0	1975	2	512	284	24	0	0	192	0	10	2007	138500
55	67	13300	7	5	2004	2004	0	326	0	58	384	744	630	0	1374	1	0	2	1	3	1	7	1	2004	2	400	100	0	0	0	0	0	6	2010	184500
262	75	10650	5	6	1976	1976	0	182	712	0	894	894	0	0	894	1	0	1	0	3	1	5	0	1976	1	308	365	0	0	0	0	0	2	2010	128200
2876	50	7030	4	6	1925	1950	0	0	0	641	641	641	0	0	641	0	0	1	0	2	1	4	0	1925	1	272	184	0	70	0	0	0	3	2006	85000
223	65	7800	5	7	1966	2008	47	240	474	150	864	892	0	0	892	1	0	1	0	3	1	5	0	1966	1	416	0	0	0	0	0	0	6	2010	137900
1631	160	18160	6	6	1964	1964	138	550	0	752	1302	1128	0	0	1128	1	0	1	0	3	1	6	1	1964	2	480	0	108	246	0	0	0	3	2007	154204
1035	65	9750	6	8	1969	1969	0	602	438	14	1054	1054	0	0	1054	1	0	1	1	3	1	6	0	1969	2	460	180	0	0	0	80	0	7	2008	151000
1242	72	9000	6	5	1956	1956	74	616	0	580	1196	1196	0	0	1196	1	0	1	0	2	1	6	1	1956	1	297	0	44	0	0	0	0	5	2008	139000
373	85	11900	7	5	1977	1977	209	822	0	564	1386	1411	0	0	1411	0	0	2	0	3	1	6	1	1977	2	544	192	0	0	0	0	0	4	2009	82500
2890	140	11080	6	6	1975	1975	257	576	0	552	1128	1210	0	0	1210	1	0	2	0	3	1	6	0	1975	2	528	0	0	0	0	0	0	5	2006	148000
1239	82	9840	5	7	1959	1998	0	1053	0	195	1248	1440	0	0	1440	1	0	2	0	2	1	7	0	1959	1	480	150	0	0	0	256	0	6	2008	185000
2782	55	10780	5	5	1976	1976	0	483	0	428	911	954	0	0	954	0	0	1	0	3	1	6	0	1976	2	576	0	0	0	0	0	0	7	2006	132500
2101	91	10652	7	5	2006	2007	306	0	0	1494	1494	1494	0	0	1494	0	0	2	0	3	1	7	1	2006	3	840	160	33	0	0	0	0	8	2007	279500
2625	60	8544	3	4	1950	1950	0	0	0	0	0	1040	0	0	1040	0	0	2	0	2	2	6	0	1950	2	400	0	0	0	0	0	0	12	2006	81400
646	60	10434	4	5	1955	1955	0	0	0	1005	1005	1005	0	0	1005	0	0	1	0	2	1	5	1	1977	2	672	0	0	0	0	0	0	11	2009	115000
311	74	9620	6	7	1977	1977	0	679	0	564	1243	1285	0	0	1285	0	1	2	0	3	1	6	1	1977	2	473	375	26	0	0	0	80	5	2010	190000
154	65	7898	4	7	1920	1994	0	0	0	576	576	985	0	0	985	0	1	1	0	2	1	4	0	1989	2	676	0	0	0	0	0	0	4	2010	105000
2204	55	7642	7	8	1918	1998	0	0	0	912	912	912	514	0	1426	0	0	1	1	3	1	7	1	1925	1	216	0	240	0	0	0	0	6	2007	189950
1496	72	7200	6	7	1976	2001	0	288	0	396	684	684	714	0	1398	0	0	1	1	3	1	6	1	1976	2	440	0	0	0	0	0	0	2	2008	160500
1043	21	1869	6	6	1970	1970	127	321	0	162	483	483	504	0	987	0	0	1	1	2	1	5	0	1987	1	280	0	0	0	0	0	0	9	2008	106000
2623	60	7200	4	5	1950	1950	0	0	0	0	0	1040	0	0	1040	0	0	1	0	2	1	4	0	1950	2	420	0	29	0	0	0	0	7	2006	109900
1451	88	7990	5	6	1975	1975	0	0	0	924	924	924	0	0	924	0	0	1	0	3	1	5	0	1981	1	280	0	0	0	0	0	0	4	2008	110000
2406	48	6955	7	5	2005	2006	94	0	0	1368	1368	1368	0	0	1368	0	0	2	0	2	1	6	1	2005	2	474	132	35	0	0	0	0	9	2006	202500
1668	61	9758	5	5	1971	1971	0	412	287	251	950	950	0	0	950	0	0	1	0	3	1	5	0	1981	1	280	0	0	0	0	0	0	7	2007	119500
882	63	8487	7	5	2004	2004	210	20	0	1480	1500	1500	0	0	1500	0	0	2	0	3	1	6	0	2004	2	570	192	36	0	0	0	0	8	2009	190000
1402	73	39104	7	7	1954	2005	0	226	1063	96	1385	1363	0	0	1363	1	0	1	0	2	1	5	2	1954	2	439	81	0	0	0	0	0	4	2008	241500
1324	65	9750	5	6	1959	1959	164	200	0	784	984	984	0	0	984	1	0	1	0	2	1	5	0	1959	1	308	0	0	0	0	0	0	6	2008	110000
859	36	15523	5	6	1972	1972	0	460	0	404	864	864	0	0	864	1	0	1	0	3	1	5	1	1972	1	338	0	0	0	0	0	0	8	2009	133500
2640	60	9600	6	8	1900	2004	0	381	0	399	780	940	476	0	1416	0	1	1	0	3	1	7	0	1956	2	400	0	24	0	0	0	0	6	2006	156500
994	65	8139	6	5	1995	1996	119	476	0	204	680	680	790	0	1470	0	0	2	1	3	1	7	1	1995	2	420	192	49	0	0	0	0	10	2008	165000
744	51	6120	5	7	1931	1993	0	209	0	506	715	875	0	0	875	1	0	1	0	2	1	5	0	1931	1	180	48	0	0	0	0	0	11	2009	105000
2363	60	7200	4	4	1971	1971	0	20	620	224	864	874	0	0	874	0	1	1	0	3	1	5	0	1995	2	576	63	0	0	0	0	0	3	2006	97500
2643	66	3960	7	8	1930	1950	0	0	0	502	502	502	502	0	1004	0	0	1	0	2	1	5	1	1930	1	200	280	0	68	0	0	0	7	2006	105000
195	50	6000	6	7	1939	1950	0	452	12	144	608	608	524	0	1132	1	0	1	0	2	1	5	0	1939	1	240	0	0	128	0	0	0	4	2010	134000
400	70	8120	4	7	1970	1970	0	191	0	673	864	864	0	0	864	0	0	1	0	3	1	5	0	1994	2	463	0	0	0	0	0	0	7	2009	124500
339	68	10544	5	5	1969	1969	0	476	0	388	864	864	615	0	1479	0	0	2	0	5	1	8	0	1969	1	275	287	0	280	0	0	0	4	2010	161000
1491	65	6500	6	6	1976	1976	84	1033	0	94	1127	1127	0	0	1127	0	1	1	1	3	1	6	1	1991	2	480	0	0	138	0	0	0	5	2008	135000
2157	36	4435	6	5	2003	2003	170	659	0	189	848	848	0	0	848	1	0	1	0	1	1	3	0	2003	2	420	140	0	0	0	0	0	11	2007	131500
2339	100	34650	5	5	1955	1955	0	1056	0	0	1056	1056	0	0	1056	1	0	1	0	3	1	5	0	1955	2	572	264	0	0	0	0	0	1	2006	145000
1440	93	9382	7	5	1999	2000	125	0	0	1468	1468	1479	0	0	1479	0	0	2	0	3	1	6	0	1999	2	577	120	25	0	0	0	0	7	2008	191000
2579	69	14850	5	5	1957	1957	0	895	0	197	1092	1092	0	0	1092	1	0	1	0	2	1	6	1	1957	1	299	268	0	0	0	122	0	5	2006	141000
1480	74	9627	7	5	2007	2007	0	24	0	1327	1351	1361	0	0	1361	0	0	2	0	3	1	6	0	2007	2	610	0	50	0	0	0	0	6	2008	193000
8	43	5005	8	5	1992	1992	0	263	0	1017	1280	1280	0	0	1280	0	0	2	0	2	1	5	0	1992	2	506	0	82	0	0	144	0	1	2010	191500
832	79	11646	6	5	2005	2006	0	0	0	704	704	704	718	0	1422	0	0	2	1	3	1	7	1	2005	2	440	36	28	0	0	0	0	7	2009	173000
389	78	10140	6	6	1974	1974	196	888	0	228	1116	1116	0	0	1116	1	0	2	0	3	1	6	1	1974	2	528	0	0	0	0	0	0	4	2009	167900
2139	39	16300	5	4	1977	1977	0	60	417	399	876	907	0	0	907	1	0	1	0	3	1	5	0	1977	1	308	0	0	0	0	0	0	1	2007	130000
78	55	7892	6	5	1979	1979	0	0	0	918	918	918	0	0	918	0	0	2	0	2	1	5	1	1979	1	264	28	0	0	0	0	0	4	2010	99500
1919	60	8250	5	7	1963	1963	0	288	0	765	1053	1053	0	0	1053	1	0	1	0	3	1	6	0	1994	2	692	240	0	0	0	109	0	7	2007	142100
1582	93	18265	6	5	1986	1986	228	920	60	276	1256	1256	0	0	1256	0	0	2	0	3	1	6	1	1986	2	578	282	0	0	0	0	0	3	2008	180000
1913	100	9600	6	5	1961	1961	291	600	0	618	1218	1254	0	0	1254	1	0	1	0	3	1	6	1	1961	2	525	0	0	0	0	168	0	5	2007	158500
2784	42	10385	6	6	1978	1978	123	595	400	0	995	1282	0	0	1282	0	1	2	0	3	1	6	0	1989	3	672	386	0	0	0	0	0	4	2006	174000
876	70	9100	7	5	2001	2001	0	0	0	1212	1212	1212	0	0	1212	0	0	2	0	3	1	6	0	2001	2	573	356	0	0	0	0	0	6	2009	178000
935	24	1612	6	6	1980	1980	0	0	0	561	561	561	668	0	1229	0	0	1	1	2	1	5	1	1980	2	462	154	0	0	0	0	0	7	2009	121000
934	24	1488	6	6	1980	1992	0	471	0	90	561	561	668	0	1229	1	0	1	1	2	1	5	1	1980	2	462	176	0	0	0	0	0	10	2009	137000
2160	65	8450	7	5	2003	2003	0	699	0	638	1337	1337	0	0	1337	1	0	2	0	3	1	6	0	2003	2	531	0	39	0	0	0	0	10	2007	185000
703	60	3378	7	8	1946	1992	0	0	0	651	651	707	682	0	1389	0	0	1	1	3	1	6	2	1947	1	240	0	0	126	0	0	0	9	2009	135000
1795	75	9000	7	5	2006	2007	0	0	0	1335	1335	1335	0	0	1335	0	0	2	0	3	1	6	0	2007	2	575	0	210	0	0	0	0	6	2007	210400
2056	99	7094	5	5	1966	1966	0	180	374	340	894	894	0	0	894	0	0	1	0	3	1	5	0	1966	1	384	0	0	0	0	0	0	5	2007	125000
681	71	7350	5	6	1958	1958	0	0	0	1041	1041	1041	0	0	1041	0	0	1	0	3	1	6	0	1958	1	294	0	0	0	0	0	0	3	2009	128000
1593	150	14137	4	5	1964	1964	98	865	247	88	1200	1200	0	0	1200	1	0	1	0	3	1	6	0	1964	3	850	0	119	0	0	171	0	11	2008	173000
252	94	10402	7	5	2009	2009	0	0	0	1226	1226	1226	0	0	1226	0	0	2	0	3	1	6	0	2009	3	740	0	36	0	0	0	0	5	2010	198900
2252	44	12864	7	5	2002	2002	0	1392	0	17	1409	1409	0	0	1409	1	0	1	1	1	1	4	1	2002	2	576	0	144	0	0	145	0	7	2007	245000
1603	59	6490	5	7	1983	1983	0	534	0	282	816	816	0	0	816	0	1	1	0	2	1	4	0	1983	1	264	315	0	0	0	0	0	4	2008	128500
2646	56	7741	6	5	1924	1950	0	143	72	817	1032	1032	0	0	1032	0	0	1	0	2	1	5	0	1995	1	280	0	0	112	0	0	0	6	2006	108000
658	80	8146	4	8	1900	2003	0	0	0	405	405	717	322	0	1039	0	0	1	0	2	1	6	0	1940	1	281	0	0	168	0	111	0	5	2009	114000
153	68	7922	5	7	1953	2007	0	731	0	326	1057	1057	0	0	1057	1	0	1	0	3	1	5	0	1953	1	246	0	52	0	0	0	0	1	2010	109000
2407	40	6792	7	5	2005	2006	94	0	0	1368	1368	1368	0	0	1368	0	0	2	0	2	1	6	1	2005	2	474	132	35	0	0	0	0	3	2006	202665
654	50	8000	6	6	1948	2002	0	680	0	292	972	972	0	0	972	1	0	1	0	2	1	5	1	1948	1	240	0	0	0	0	0	0	5	2009	132000
2133	72	10665	7	5	2003	2003	167	1013	0	440	1453	1479	0	0	1479	1	0	2	0	3	1	7	0	2003	2	558	144	29	0	0	0	0	6	2007	226000
2262	64	9037	8	5	2006	2006	32	428	0	1048	1476	1484	0	0	1484	0	0	2	0	2	1	6	1	2006	2	472	120	33	0	0	0	0	12	2007	265900
899	74	10206	3	3	1952	1952	0	0	0	0	0	944	0	0	944	0	0	1	0	2	1	4	0	1956	2	528	0	0	0	0	0	0	7	2009	82000
27	70	8400	4	5	1970	1970	0	804	78	0	882	882	0	0	882	1	0	1	0	2	1	4	0	1970	2	525	240	0	0	0	0	0	4	2010	126000
1446	65	8385	5	8	1977	1977	220	595	0	390	985	985	0	0	985	0	0	2	0	3	1	6	0	1977	1	328	210	0	0	0	0	0	11	2008	149900
1554	80	14584	1	5	1952	1952	0	0	0	0	0	733	0	0	733	0	0	1	0	2	1	4	0	1952	2	487	0	0	0	0	0	0	2	2008	13100
1961	60	7200	5	3	1950	1950	0	432	0	432	864	1238	0	0	1238	0	0	1	1	3	1	6	1	1950	1	357	0	171	0	0	0	0	11	2007	102000
1836	80	3523	8	5	2006	2007	30	60	0	1081	1141	1151	0	0	1151	1	0	2	0	2	1	5	0	2006	2	484	0	60	0	0	0	0	2	2007	166000
648	80	8480	5	6	1945	1950	0	700	0	93	793	793	0	0	793	1	0	1	0	2	1	4	0	1945	1	240	0	0	0	0	0	0	8	2009	113000
2806	70	8810	7	5	2003	2003	0	1000	0	390	1390	1390	0	0	1390	1	0	2	0	3	1	7	0	2003	2	545	0	68	0	0	0	0	3	2006	207000
980	21	2217	4	4	1970	1970	0	273	273	0	546	546	546	0	1092	0	0	1	1	3	1	6	0	1970	1	286	238	0	0	0	0	0	8	2009	88000
1745	53	3710	7	5	2007	2007	16	0	0	1266	1266	1266	0	0	1266	0	0	2	0	2	1	6	1	2007	2	388	100	16	0	0	0	0	8	2007	185485
2768	80	12000	6	5	1968	1968	0	853	0	535	1388	1388	0	0	1388	1	0	2	0	3	1	6	1	1968	2	522	0	58	0	0	0	0	7	2006	158900
1838	47	4230	7	5	2006	2007	0	0	0	1352	1352	1352	0	0	1352	0	0	2	0	2	1	5	1	2006	2	466	0	241	0	0	0	0	4	2007	208900
2035	50	9000	6	6	1937	1950	0	0	0	780	780	780	595	0	1375	0	0	1	1	3	1	6	1	1979	1	544	0	162	0	0	126	0	12	2007	141000
35	24	2280	7	6	1975	1975	0	0	0	836	836	836	0	0	836	0	0	1	0	2	1	4	0	1975	1	308	0	30	0	0	0	0	6	2010	120000
390	85	11050	7	5	1975	1975	0	636	0	540	1176	1193	0	0	1193	0	0	2	0	3	1	5	1	1975	2	506	40	0	0	0	0	0	8	2009	158000
2245	60	6060	5	9	1930	2007	0	737	0	100	837	1001	0	0	1001	0	0	1	0	2	1	5	0	1930	1	216	154	0	42	86	0	0	11	2007	124900
707	50	6000	5	4	1954	1954	0	0	0	811	811	811	576	0	1387	0	0	2	0	3	2	7	0	1954	1	256	0	0	0	0	0	0	11	2009	93000
1549	71	6900	5	6	1940	1955	0	403	125	212	740	778	0	0	778	0	0	1	0	2	1	4	1	1966	1	924	0	25	0	0	0	0	2	2008	120500
1046	21	1680	5	5	1972	1972	356	350	0	280	630	630	672	0	1302	0	0	2	1	3	1	6	0	1972	1	264	0	0	0	0	0	0	12	2008	111750
2662	63	5000	5	4	1900	1950	0	0	0	540	540	889	551	0	1440	0	0	1	0	3	1	6	0	1940	1	352	0	0	77	0	0	0	4	2006	79000
1224	80	9600	5	6	1960	1960	203	658	0	638	1296	1496	0	0	1496	0	0	2	0	3	1	6	0	1960	2	450	0	22	0	0	0	0	2	2008	141500
2838	60	9738	5	7	1924	1950	0	392	0	392	784	949	272	0	1221	1	0	1	0	4	1	7	0	1965	1	392	0	0	236	0	0	0	3	2006	104900
1867	130	11700	6	5	1968	1968	196	910	0	385	1295	1295	0	0	1295	1	0	1	1	3	1	6	0	1968	2	528	0	194	0	0	200	0	4	2007	164000
14	85	10176	7	5	1990	1990	0	637	0	663	1300	1341	0	0	1341	1	0	1	1	2	1	5	1	1990	2	506	192	0	0	0	0	0	2	2010	171500
1149	55	7892	6	5	1993	1993	0	300	0	899	1199	1199	0	0	1199	0	0	2	0	2	1	5	0	1993	2	530	0	63	0	0	0	0	3	2008	153900
684	80	8000	5	5	1959	1959	0	433	95	0	528	1183	0	0	1183	1	0	1	0	3	1	6	0	1959	1	288	0	0	0	0	0	0	7	2009	138000
2086	58	9280	5	6	1951	1951	0	557	0	785	1342	1342	0	0	1342	1	0	1	0	4	1	7	0	1951	1	256	0	0	0	0	0	0	4	2007	125000
2630	70	7000	5	4	1961	1961	0	781	0	369	1150	1150	0	0	1150	0	0	1	0	3	1	6	0	1961	1	288	0	0	0	0	162	0	7	2006	146000
144	73	8760	6	6	1959	1959	220	0	0	1194	1194	1194	0	0	1194	1	0	1	0	3	1	6	0	1959	1	312	0	0	120	0	0	0	4	2010	148000
596	70	9100	5	6	1965	1965	0	338	466	121	925	925	0	0	925	0	1	1	0	2	1	5	0	1965	1	429	0	0	0	0	0	0	7	2009	117500
1432	65	9750	5	7	1994	1994	0	722	0	268	990	990	0	0	990	1	0	1	0	3	1	5	0	1997	2	528	168	0	0	0	0	0	8	2008	155000
709	50	5925	2	4	1940	1950	0	0	0	0	0	612	0	0	612	0	0	1	0	1	1	4	0	1965	1	308	0	0	25	0	0	0	10	2009	45000
745	51	6120	5	6	1925	1999	0	0	0	960	960	995	0	0	995	0	0	1	0	2	1	5	0	1926	1	264	0	15	51	0	0	0	3	2009	115000
852	75	11166	7	5	2001	2001	180	24	0	1468	1492	1492	0	0	1492	0	0	2	0	3	1	6	1	2001	2	608	0	114	0	0	168	0	7	2009	201000
2840	60	16012	4	4	1954	1968	60	691	0	263	954	1482	0	0	1482	0	1	2	0	3	1	6	1	1956	2	609	0	30	0	0	0	0	10	2006	125000
1343	52	6240	4	7	1929	1950	0	80	0	624	704	624	512	0	1136	0	1	1	0	2	1	6	0	1990	1	336	0	365	80	0	0	0	8	2008	123000
1794	72	8640	8	5	2007	2007	0	24	0	1314	1338	1338	0	0	1338	0	0	2	0	3	1	6	0	2007	2	598	0	141	0	0	0	0	11	2007	208900
2203	53	6720	6	7	1921	1950	0	0	0	585	585	851	585	0	1436	0	0	1	0	3	1	7	1	1992	1	228	184	0	0	0	0	0	4	2007	141500
549	50	7175	6	5	1990	1991	0	0	0	1332	1332	1332	0	0	1332	0	0	2	0	2	1	5	0	1990	2	542	0	60	0	0	0	0	2	2009	145000
801	66	19255	6	5	1983	1983	100	70	450	0	520	1338	0	0	1338	0	0	1	1	2	1	5	1	1983	2	576	0	0	0	0	0	600	9	2009	156500
1891	80	8800	7	6	1966	1966	202	654	0	520	1174	1200	0	0	1200	0	1	2	0	3	1	6	1	1966	2	440	0	0	0	0	0	0	10	2007	163500
1655	80	10400	6	5	1979	1999	253	903	0	356	1259	1353	0	0	1353	1	0	2	0	2	1	5	1	1979	2	478	240	141	0	0	0	0	8	2007	192350
977	83	13383	5	5	1969	2000	176	594	0	594	1188	1404	0	0	1404	0	0	2	0	3	1	7	1	1969	2	504	0	16	0	0	0	0	3	2009	160000
693	60	10440	5	6	1910	1981	0	0	0	440	440	682	548	0	1230	0	0	1	1	2	1	5	0	1966	2	440	74	0	128	0	0	0	5	2009	110000
668	83	10143	6	7	1963	1963	295	384	0	996	1380	1380	0	0	1380	0	0	1	1	3	1	6	0	1963	1	364	0	0	0	0	216	0	6	2009	154000
1898	75	7388	5	6	1959	2002	0	405	0	658	1063	1327	0	0	1327	1	0	1	0	3	1	7	0	1974	2	624	0	0	0	0	0	0	7	2007	150750
1236	71	9204	5	5	1963	1963	0	25	872	247	1144	1144	0	0	1144	1	0	1	1	3	1	6	0	1962	1	336	0	88	0	0	0	0	8	2008	124000
1512	62	7692	4	6	1954	1954	0	0	0	416	416	1204	0	0	1204	0	0	1	0	3	1	6	0	1954	1	312	0	0	0	0	0	0	11	2008	100000
1508	68	9520	4	5	1953	1953	115	767	0	144	911	930	0	0	930	0	0	1	0	2	1	5	0	1953	1	286	134	0	0	0	0	3000	5	2008	99000
1259	60	10836	5	5	1922	1950	0	0	0	892	892	1254	182	0	1436	0	1	1	0	3	1	7	1	1968	4	1488	0	0	100	0	0	0	6	2008	139000
412	24	2280	7	5	1975	1975	0	435	622	0	1057	1055	0	0	1055	0	1	2	0	2	1	4	1	1975	2	440	0	27	0	0	0	0	8	2009	123000
1213	85	9350	5	8	1965	1999	0	633	0	586	1219	1265	0	0	1265	0	1	2	0	3	1	6	1	1965	2	502	0	92	0	96	0	0	10	2008	179900
1041	21	1680	6	5	1973	1973	158	330	0	153	483	483	504	0	987	1	0	1	1	2	1	5	0	1973	1	264	0	0	0	0	0	0	11	2008	100000
2063	71	8197	6	5	1977	1977	148	0	0	660	660	1285	0	0	1285	0	0	1	1	3	1	7	1	1977	2	528	138	0	0	0	0	0	4	2007	143500
477	59	9434	7	5	2004	2005	0	0	0	384	384	744	630	0	1374	0	0	2	1	3	1	6	1	2004	2	400	100	0	0	0	0	0	8	2009	170000
2684	50	6000	5	7	1921	1950	0	616	0	0	616	616	0	0	616	0	0	1	0	2	1	4	0	1921	1	205	0	0	129	0	0	0	6	2006	89000
405	21	1680	5	5	1971	1971	142	0	0	630	630	630	672	0	1302	0	0	2	1	3	1	6	0	1991	1	280	0	0	0	0	0	0	5	2009	112000
632	70	8400	6	3	1957	1957	0	189	661	628	1478	1478	0	0	1478	1	0	1	1	3	1	6	2	1957	2	442	114	0	0	0	216	0	6	2009	156500
362	65	8125	6	5	1994	1995	0	0	0	702	702	702	779	0	1481	0	0	2	1	3	1	6	1	1994	2	343	0	36	0	0	0	0	3	2009	174000
308	66	8712	4	7	1896	1950	0	0	0	756	756	952	0	0	952	0	0	1	0	3	1	5	0	1896	1	330	0	0	265	0	0	0	6	2010	50138
1339	50	6000	6	5	1939	1950	0	264	0	475	739	874	468	0	1342	0	0	2	0	2	2	7	1	1939	1	240	0	0	0	0	0	0	4	2008	105000
2654	52	7830	3	5	1921	1950	0	416	0	76	492	492	0	0	492	1	0	1	0	1	1	3	0	1921	1	200	0	0	78	0	0	0	6	2006	61500
1924	70	9100	5	5	1960	1960	69	0	0	1144	1144	1144	0	0	1144	0	0	1	0	3	1	6	1	1960	1	336	0	0	0	0	0	0	6	2007	120000
2239	59	8263	6	5	1920	1950	0	0	0	1012	1012	1012	0	0	1012	0	0	1	0	2	1	6	1	1920	1	308	0	22	112	0	0	0	5	2007	118400
2012	60	6000	6	6	1941	1950	0	375	0	360	735	869	349	0	1218	0	1	1	0	3	1	6	1	2003	2	440	0	0	0	0	0	0	3	2007	131000
2180	60	7023	5	5	2005	2006	0	611	0	123	734	734	674	0	1408	1	0	2	1	3	1	6	0	2005	2	489	0	85	0	0	0	0	5	2007	171500
1726	48	6240	8	5	2006	2006	176	24	0	1300	1324	1324	0	0	1324	0	0	2	0	2	1	6	1	2006	2	550	0	38	0	0	0	0	9	2007	221370
1045	21	1680	6	3	1971	1971	604	358	0	125	483	483	504	0	987	0	0	1	1	2	1	5	0	1971	1	264	0	0	0	0	0	0	8	2008	89500
2596	60	10410	3	8	1930	2001	0	0	0	713	713	713	0	0	713	0	0	1	0	2	1	5	0	1936	1	371	0	75	161	0	0	0	10	2006	99800
567	40	3951	6	5	2009	2009	76	0	0	612	612	612	612	0	1224	0	0	2	1	2	1	4	0	2009	2	528	0	234	0	0	0	0	6	2009	164500
1950	60	10800	4	6	1927	2007	0	0	0	656	656	968	0	0	968	0	0	2	0	4	1	5	0	1928	1	216	0	0	0	0	0	0	8	2007	64500
127	68	9717	5	6	1950	1996	0	49	1029	0	1078	1078	0	0	1078	1	0	1	0	2	1	5	0	1950	1	240	366	0	112	0	0	0	4	2010	142125
336	76	12887	5	7	1984	1984	0	207	590	36	833	833	0	0	833	1	0	1	0	2	1	5	0	1984	2	495	431	0	0	0	0	0	4	2010	149900
279	65	6305	6	6	1975	1975	0	528	0	480	1008	1096	0	0	1096	1	0	1	0	3	1	5	1	1975	1	352	0	0	0	0	0	0	6	2010	125200
1271	80	8000	5	6	1959	1959	0	476	488	292	1256	1256	0	0	1256	1	0	1	1	3	1	6	0	1959	1	311	0	240	0	0	0	0	5	2008	159000
672	90	10454	6	6	1957	1957	143	546	0	559	1105	1105	0	0	1105	0	0	1	0	3	1	5	0	1957	1	308	0	0	0	0	0	0	4	2009	135000
1471	75	13125	6	5	1997	1998	215	994	0	484	1478	1493	0	0	1493	1	0	2	0	3	1	7	1	1997	2	508	140	39	0	0	0	0	4	2008	208900
2141	70	7700	5	5	1972	1972	0	138	468	276	882	882	0	0	882	1	0	1	0	3	1	5	0	1980	2	461	96	0	0	0	0	0	3	2007	112500
1625	63	7875	7	5	1995	1996	38	0	0	1237	1237	1253	0	0	1253	0	0	2	0	3	1	6	1	1995	2	402	220	21	0	0	0	0	6	2007	176000
2372	21	1680	6	5	1972	1972	504	382	0	143	525	525	567	0	1092	0	0	1	1	3	1	6	0	1972	1	264	352	0	0	0	0	0	10	2006	108000
33	53	4043	6	5	1977	1977	0	360	0	709	1069	1069	0	0	1069	0	0	2	0	2	1	4	1	1977	2	440	0	55	0	0	165	0	7	2010	127500
2589	80	13600	5	6	1955	1955	0	144	912	0	1056	1056	0	0	1056	1	0	1	1	3	1	6	0	1955	1	300	0	0	0	0	0	650	11	2006	125000
568	30	3000	6	5	2009	2009	76	294	0	318	612	612	612	0	1224	0	0	2	1	2	1	4	0	2009	2	528	0	234	0	0	0	0	6	2009	173733
2637	57	9906	4	4	1925	1950	0	0	0	686	686	810	518	0	1328	0	0	1	0	3	1	8	0	1940	1	210	0	172	60	0	0	0	9	2006	107000
135	75	11380	6	8	1966	2008	216	944	0	136	1080	1128	0	0	1128	1	0	1	0	2	1	5	1	1966	1	315	238	0	0	0	0	1500	1	2010	178000
1821	70	7420	5	5	1962	1962	0	417	0	640	1057	1057	0	0	1057	0	0	1	0	3	1	6	0	1977	2	576	0	0	0	0	0	0	4	2007	132000
2087	60	11100	5	6	1951	1994	0	1080	0	0	1080	1080	400	0	1480	1	0	1	0	4	1	7	1	1951	1	253	0	0	68	0	0	0	7	2007	136500
1589	97	8940	7	5	1997	1998	200	1309	0	35	1344	1344	0	0	1344	2	0	2	0	2	2	8	0	1997	4	784	0	0	0	0	0	0	11	2008	209200
2202	63	4000	7	8	1930	1995	0	246	0	285	531	567	531	0	1098	1	0	1	0	2	1	5	1	1930	1	216	0	0	0	0	0	0	6	2007	148500
1481	63	8199	7	5	2005	2005	0	648	0	80	728	728	728	0	1456	1	0	2	1	3	1	7	1	2005	2	410	36	18	0	0	0	0	10	2008	189000
772	75	11625	5	6	1967	1967	172	527	0	525	1052	1052	0	0	1052	0	0	1	1	3	1	6	1	1984	1	668	0	215	0	0	0	0	4	2009	113500
1936	71	8540	5	8	1956	2003	0	114	691	120	925	925	0	0	925	1	0	1	0	3	1	5	0	1956	1	252	152	0	0	0	0	0	6	2007	127000
2482	50	7175	6	5	1991	1991	0	278	0	939	1217	1217	0	0	1217	0	0	2	0	2	1	5	0	1991	2	484	0	64	0	0	0	0	6	2006	151000
895	64	6410	4	5	1959	1959	0	332	243	301	876	876	0	0	876	0	0	1	0	3	1	5	0	1959	1	320	0	0	0	0	0	0	3	2009	85000
706	50	6000	5	7	1950	1970	0	384	0	384	768	768	560	0	1328	0	0	1	1	3	1	6	0	1950	1	308	0	12	0	0	0	0	3	2009	129500
1240	76	9120	6	6	1958	1958	0	662	0	599	1261	1261	0	0	1261	1	0	1	0	3	1	6	1	1958	2	433	0	0	0	0	288	1400	11	2008	163000
2281	94	25286	4	5	1963	1963	0	633	0	431	1064	1040	0	0	1040	1	0	1	0	3	1	5	0	1963	2	648	0	0	0	0	0	0	1	2007	132250
2510	30	3180	7	5	2005	2005	0	0	0	600	600	520	600	80	1200	0	0	2	1	2	1	4	0	2005	2	480	0	166	0	0	0	0	4	2006	144152
576	61	3782	8	5	1981	1981	0	960	0	266	1226	1226	0	0	1226	1	0	1	0	1	1	4	2	1981	2	484	133	78	0	0	0	0	9	2009	211500
643	53	8128	6	7	1954	1954	80	490	0	572	1062	1062	0	0	1062	1	0	1	0	3	1	6	0	1954	1	297	0	0	0	0	0	0	2	2009	131000
554	60	9000	6	3	1928	1950	0	0	0	784	784	784	0	0	784	0	0	1	0	2	1	5	0	1950	2	360	0	0	91	0	0	0	10	2009	76000
140	70	8197	7	5	2003	2009	506	1188	0	292	1480	1480	0	0	1480	1	0	2	0	3	1	7	0	2003	2	620	252	73	0	0	0	300	2	2010	214000
719	60	3600	6	7	1917	2007	0	0	0	624	624	664	624	0	1288	1	0	1	0	3	1	5	1	1917	1	280	0	103	0	0	0	0	5	2009	119000
1997	60	3600	5	7	1930	2005	0	316	0	371	687	687	671	0	1358	0	0	1	1	3	1	6	1	2004	1	336	0	32	0	0	0	0	7	2007	124500
2490	88	8471	6	7	1977	1995	46	506	0	0	506	1212	0	0	1212	1	0	1	0	3	1	6	1	1978	2	492	292	12	0	0	0	0	7	2006	151000
2601	60	10800	5	6	1920	1950	0	821	0	299	1120	1130	0	0	1130	1	0	1	0	2	1	5	1	1970	2	720	229	0	0	0	0	0	6	2006	120000
1237	70	7763	5	7	1962	1980	0	504	108	319	931	1283	0	0	1283	1	0	1	0	3	1	6	0	1980	2	506	0	0	0	0	0	0	10	2008	140000
343	85	10200	6	5	1974	1974	440	844	0	590	1434	1434	0	0	1434	1	0	2	0	4	1	7	1	1974	2	528	80	21	0	0	0	0	6	2009	157000
333	21	1890	4	6	1972	1972	0	294	0	252	546	546	546	0	1092	0	0	1	1	3	1	5	0	1972	1	286	0	0	64	0	0	0	6	2010	85500
712	60	8520	5	8	1923	1950	0	0	0	624	624	792	0	0	792	0	0	1	0	2	1	5	0	1963	1	287	0	0	81	0	0	0	2	2009	99500
475	71	7795	7	5	2004	2005	0	425	0	291	716	716	716	0	1432	1	0	2	1	3	1	6	1	2004	2	432	100	51	0	0	0	0	7	2009	188500
3	81	14267	6	6	1958	1958	108	923	0	406	1329	1329	0	0	1329	0	0	1	1	3	1	6	0	1958	1	312	393	36	0	0	0	12500	6	2010	172000
157	74	5868	5	7	1956	2000	0	248	240	448	936	936	0	0	936	1	0	1	0	2	1	4	0	1956	1	308	0	0	80	0	160	0	5	2010	129000
2199	54	7223	5	5	1926	1950	0	319	0	971	1290	1422	0	0	1422	0	0	1	0	3	1	6	0	1973	1	352	0	0	64	0	0	0	4	2007	136500
2021	60	6180	6	5	1926	1950	0	0	0	960	960	986	0	0	986	0	0	1	0	2	1	5	1	1926	1	180	0	128	0	0	0	0	5	2007	102000
650	75	9533	5	5	1953	1953	140	0	0	0	0	1210	0	0	1210	0	0	1	1	2	1	7	0	1953	1	616	208	0	100	0	0	0	8	2009	102900
2734	62	6488	5	5	1942	1950	0	230	0	569	799	799	351	0	1150	0	0	1	0	3	1	6	2	1942	1	215	264	0	0	0	0	0	3	2006	128000
2038	52	4330	4	6	1958	1958	0	681	127	0	808	838	477	0	1315	1	0	2	0	3	1	5	0	1958	2	436	0	0	0	0	0	0	2	2007	99500
917	52	6292	7	7	1928	1950	0	0	0	861	861	877	600	0	1477	0	1	2	0	3	1	6	1	1928	1	216	0	50	0	0	0	0	8	2009	145000
2113	78	9317	6	5	2006	2006	0	24	0	1290	1314	1314	0	0	1314	0	0	2	0	3	1	6	1	2006	2	440	0	22	0	0	0	0	3	2007	176432
105	57	12853	8	5	2010	2010	0	1032	0	610	1642	1418	0	0	1418	1	0	1	1	1	1	6	1	2010	3	852	160	192	0	224	0	0	4	2010	267916
2703	55	8250	5	7	1935	1950	0	0	0	0	0	1032	0	0	1032	0	0	1	0	2	1	6	1	1939	1	260	0	0	121	0	0	0	6	2006	125000
1441	88	12803	7	5	2002	2002	99	922	0	572	1494	1494	0	0	1494	1	0	2	0	3	1	6	1	2002	2	530	192	36	0	0	0	0	9	2008	221000
1042	21	1890	6	6	1972	1972	422	483	0	0	483	483	504	0	987	0	0	1	1	2	1	5	0	1975	1	352	411	0	0	0	0	0	4	2008	100500
1379	80	13014	6	5	1978	1978	39	528	0	480	1008	1096	0	0	1096	1	0	1	0	3	1	6	1	1978	2	484	168	0	0	0	0	0	12	2008	157500
2522	40	3876	8	5	1978	1978	0	652	526	48	1226	1226	0	0	1226	1	0	1	0	1	1	4	1	1978	2	484	133	60	0	0	0	0	7	2006	170000
1002	41	5395	8	5	1993	1993	0	733	0	604	1337	1337	0	0	1337	1	0	2	0	2	1	5	1	1993	2	462	96	0	70	168	0	0	10	2008	180000
1719	41	6289	6	5	2005	2006	256	762	0	600	1362	1362	0	0	1362	1	0	2	0	2	1	6	1	2005	2	460	192	28	0	0	0	0	6	2007	207000
1716	61	7577	6	5	2005	2006	256	20	0	1342	1362	1362	0	0	1362	0	0	2	0	2	1	6	1	2005	2	460	192	28	0	0	0	0	6	2007	194700
828	64	6762	7	5	2007	2007	0	902	0	380	1282	1290	0	0	1290	1	0	2	0	2	1	6	1	2007	2	662	168	0	0	0	0	0	5	2009	200000
2061	66	7742	5	7	1966	1966	0	763	0	192	955	955	0	0	955	1	0	1	0	3	1	6	0	1966	1	386	0	0	0	0	0	0	1	2007	127000
2107	74	8556	7	5	2006	2006	0	0	0	1240	1240	1240	0	0	1240	0	0	2	0	2	1	5	0	2006	3	826	140	93	0	0	0	0	5	2007	194000
107	30	4420	8	5	1980	1980	0	728	0	0	728	788	0	0	788	1	0	1	0	1	1	3	1	1980	2	484	133	42	0	0	0	0	6	2010	155000
608	115	10500	5	5	1964	1964	144	998	0	294	1292	1292	0	0	1292	1	0	1	1	3	1	6	2	1964	2	520	0	32	0	0	92	0	7	2009	145100
2049	75	11235	5	5	1963	1963	0	925	0	0	925	999	0	0	999	1	0	1	0	3	1	6	0	1963	1	308	40	176	0	0	0	0	3	2007	130000
455	80	10307	7	5	2007	2008	176	876	0	474	1350	1358	0	0	1358	1	0	2	0	2	1	6	1	2008	2	484	192	26	0	0	0	0	5	2009	212500
2366	24	2160	5	6	1973	1973	200	402	0	363	765	765	600	0	1365	0	0	1	1	3	1	7	1	1973	2	440	0	36	0	0	0	0	6	2006	125500
861	60	7200	5	8	1972	2003	0	660	0	108	768	768	0	0	768	0	1	1	0	2	1	5	0	1974	1	396	192	0	0	0	0	0	4	2009	133900
735	50	6000	6	9	1937	2000	0	0	0	698	698	786	390	0	1176	0	0	1	0	2	1	4	0	1999	2	624	210	0	0	0	0	0	7	2009	134900
2827	35	3675	6	5	2005	2006	82	547	0	0	547	1072	0	0	1072	1	0	2	0	2	1	5	0	2005	2	525	0	44	0	0	0	0	6	2006	140000
2378	24	2179	6	5	1976	1976	0	70	0	785	855	855	601	0	1456	0	0	2	1	3	1	6	1	1976	2	460	0	28	0	0	0	0	7	2006	144000
2375	65	7514	5	7	1967	1975	0	373	108	462	943	1387	0	0	1387	1	0	1	0	3	1	6	1	1974	1	300	0	0	240	0	0	0	9	2006	145000
275	68	8842	5	6	1954	1954	0	0	0	381	381	992	0	0	992	0	0	1	0	3	1	6	0	1954	1	319	60	0	56	0	0	0	1	2010	155891
671	62	8010	6	9	1958	2007	0	745	0	206	951	951	0	0	951	1	0	1	0	2	1	6	0	1985	2	480	0	0	42	0	0	450	9	2009	143500
534	80	9605	7	6	2007	2007	0	0	0	1218	1218	1218	0	0	1218	0	0	1	1	3	1	6	0	2007	2	576	0	178	0	0	0	0	4	2009	159000
705	60	6000	4	4	1953	1953	0	0	0	936	936	936	0	0	936	0	0	1	0	2	1	4	0	1974	2	576	0	32	112	0	0	0	2	2009	93000
2905	78	7020	7	5	1997	1997	200	1243	0	45	1288	1368	0	0	1368	2	0	2	0	2	2	8	0	1997	4	784	0	48	0	0	0	0	11	2006	215000
2698	60	7200	6	6	1930	1950	0	343	0	641	984	984	0	0	984	0	0	1	0	3	1	6	0	1930	1	308	0	0	164	0	0	0	3	2006	90000
1255	60	10122	4	6	1948	1950	0	0	0	0	0	869	0	0	869	0	0	1	0	1	1	3	0	1948	1	390	0	0	66	0	0	0	8	2008	89900
976	21	1526	4	8	1970	2002	0	515	0	115	630	630	0	0	630	1	0	1	0	1	1	3	0	1970	1	286	0	0	0	0	0	0	5	2009	86000
1291	60	6000	6	7	1915	2005	0	0	0	728	728	728	728	0	1456	0	0	1	1	4	1	7	0	1915	1	308	0	0	248	0	0	0	6	2008	139500
463	48	3480	7	5	2003	2003	163	0	0	1405	1405	1405	0	0	1405	0	0	2	0	2	1	6	1	2003	2	478	148	36	0	0	0	0	11	2009	173000
1884	65	10482	6	8	1958	1958	63	507	0	81	588	1138	0	0	1138	0	1	1	0	3	1	6	0	1958	1	264	224	0	0	0	0	0	6	2007	145000
2404	43	7052	7	5	2005	2005	240	659	0	705	1364	1364	0	0	1364	1	0	2	0	2	1	6	1	2005	2	484	192	36	0	0	0	0	6	2006	185850
783	65	25095	5	8	1968	2003	0	1324	0	113	1437	1473	0	0	1473	2	0	1	0	1	1	5	2	1968	1	452	0	48	0	0	60	0	6	2009	143000
2192	60	8172	4	5	1955	1955	0	544	0	224	768	768	0	0	768	0	0	1	0	2	1	4	1	1959	1	355	0	0	196	0	0	0	7	2007	125000
282	80	8546	4	5	2003	2004	0	0	0	1121	1121	1121	0	0	1121	0	0	2	0	2	1	5	0	2003	2	440	132	64	0	0	0	0	3	2010	140000
2136	59	8660	5	5	1976	1976	113	502	0	513	1015	1025	0	0	1025	0	0	2	0	3	1	6	1	1979	2	370	127	0	0	0	0	0	7	2007	153500
1208	80	8700	5	6	1963	1963	148	776	0	344	1120	1128	0	0	1128	1	0	2	0	3	1	6	0	1963	2	525	192	20	123	0	0	0	12	2008	155000
2376	68	7838	5	5	1967	1967	0	769	0	95	864	900	0	0	900	1	0	1	0	3	1	6	1	1967	1	288	175	144	0	0	0	0	12	2006	123000
1139	81	9260	7	5	2007	2007	0	0	0	1162	1162	1162	0	0	1162	0	0	2	0	3	1	6	0	2007	2	483	0	32	0	0	0	0	3	2008	170000
1727	48	3242	7	5	2003	2003	235	1000	0	405	1405	1405	0	0	1405	1	0	2	0	2	1	6	1	2003	2	478	136	36	0	0	0	0	3	2007	200000
1194	72	8872	5	8	1965	2008	300	595	0	317	912	912	0	0	912	1	0	1	0	2	1	5	0	1992	2	576	0	240	0	0	0	0	12	2008	147000
1489	75	9937	5	6	1965	1965	0	830	290	136	1256	1256	0	0	1256	1	0	1	1	3	1	6	0	1965	1	276	736	68	0	0	0	0	6	2008	147500
2692	60	7518	5	8	1910	2004	0	0	0	396	396	665	665	0	1330	0	0	1	0	3	1	7	0	2001	1	390	0	72	45	0	0	0	7	2006	116500
323	85	15300	5	5	1965	1977	0	42	0	1026	1068	1264	0	0	1264	1	0	1	0	2	1	7	1	1965	2	528	0	0	0	0	0	0	6	2010	169000
36	24	2280	6	5	1978	1978	0	311	0	544	855	855	601	0	1456	0	0	2	1	3	1	7	1	1978	2	440	26	0	0	0	0	0	7	2010	146000
904	45	8212	5	6	1941	1950	0	626	0	94	720	854	444	0	1298	0	0	1	0	3	1	6	2	1940	1	256	84	0	0	0	0	0	9	2009	122000
1647	78	12090	7	7	1981	2003	306	321	0	404	725	725	754	0	1479	0	0	2	1	3	1	6	1	1981	2	484	167	72	0	0	0	0	3	2007	176000
178	50	5500	5	7	1929	2001	0	234	692	0	926	926	0	390	1316	1	0	1	0	3	1	6	0	1974	2	484	0	0	0	0	0	0	4	2010	130000
453	34	5381	6	5	2005	2005	135	900	0	406	1306	1306	0	0	1306	1	0	2	0	1	1	5	1	2005	2	624	170	63	0	0	0	0	8	2009	196000
2370	21	1680	6	7	1972	1972	281	317	0	355	672	672	546	0	1218	0	1	1	1	3	1	7	0	1972	1	264	0	28	0	0	0	0	5	2006	118000
1892	80	9200	6	5	1965	1965	98	494	0	548	1042	1042	0	0	1042	0	0	2	0	3	1	5	0	1965	2	440	192	0	0	0	0	0	5	2007	161000
2907	32	4500	6	5	1998	1998	443	1201	0	36	1237	1337	0	0	1337	1	0	2	0	2	1	5	0	1998	2	405	0	199	0	0	0	0	3	2006	153500
179	50	6900	6	7	1938	2000	0	0	0	827	827	827	424	0	1251	0	0	1	0	3	1	6	0	1938	1	240	0	0	0	0	0	0	1	2010	119000
1546	60	6000	6	8	1940	2006	0	0	0	720	720	760	330	0	1090	0	0	1	0	3	1	5	0	1940	1	240	0	0	0	0	0	0	7	2008	120000
303	58	8154	2	5	1941	1950	0	480	0	0	480	540	0	0	540	0	0	1	0	1	1	4	0	1951	1	200	0	0	0	0	0	0	4	2010	82000
660	60	10230	5	7	1925	1950	0	0	0	1054	1054	1078	0	0	1078	0	0	1	0	3	1	6	0	1987	1	264	0	0	0	0	112	0	12	2009	125000
2191	70	11767	4	7	1910	2000	0	0	0	560	560	796	550	0	1346	0	0	1	1	2	1	6	0	1950	1	384	168	24	0	0	0	0	5	2007	112000
2550	69	8973	5	7	1958	1991	85	567	28	413	1008	1053	0	0	1053	0	1	1	1	3	1	6	0	1998	2	750	0	80	0	180	0	0	7	2006	150000
1606	60	6600	5	8	1982	2003	0	816	0	0	816	816	0	0	816	1	0	1	0	2	1	4	0	1985	2	816	0	0	0	0	0	0	6	2008	138000
2785	69	9920	5	6	1969	1969	0	523	0	448	971	971	0	0	971	0	0	1	1	3	1	5	1	1969	1	300	0	0	0	0	0	0	5	2006	128500
647	75	14559	5	7	1951	2000	70	650	180	178	1008	1363	0	0	1363	1	0	1	0	2	1	6	2	1951	1	288	324	42	0	0	168	2000	6	2009	164900
96	30	3215	7	5	2004	2004	120	280	0	320	600	600	600	0	1200	0	0	2	1	2	1	4	0	2004	2	480	0	172	0	0	0	0	4	2010	155000
1524	66	8969	6	6	1926	1950	0	379	0	265	644	672	644	0	1316	1	0	1	0	2	1	6	1	2001	1	369	0	0	0	0	192	0	7	2008	145000
1311	34	4571	5	5	1916	1950	0	0	0	624	624	624	720	0	1344	0	0	1	0	4	1	7	0	1916	3	513	0	0	96	0	0	0	5	2008	98000
152	70	13587	5	5	1958	1958	0	532	0	456	988	988	0	0	988	1	0	1	0	2	1	5	0	1958	1	264	0	0	0	0	0	0	4	2010	119000
2512	35	3735	7	5	1999	1999	218	450	0	241	691	713	739	0	1452	1	0	2	1	3	1	6	0	1999	2	506	0	34	0	0	0	0	3	2006	183900
683	60	7200	5	7	1952	1952	0	630	102	0	732	732	0	0	732	1	0	1	0	2	1	4	0	1952	1	240	0	68	0	0	0	0	9	2009	118900
166	87	10000	6	6	1962	1962	261	0	0	1116	1116	1116	0	0	1116	0	0	1	1	3	1	5	0	1962	2	440	0	0	0	0	385	0	2	2010	160000
2289	21	2001	4	5	1970	1970	80	0	0	546	546	546	546	0	1092	0	0	1	1	3	1	6	0	1970	1	286	0	0	0	0	0	0	1	2007	75000
163	75	7500	5	7	1959	1994	0	340	906	0	1246	1246	0	0	1246	1	0	1	1	3	1	6	0	1959	1	305	218	0	0	0	0	0	5	2010	154000
1312	69	9143	5	7	1900	2003	0	0	0	346	346	709	308	0	1017	0	0	1	0	2	1	5	0	1961	1	308	0	0	139	0	0	0	5	2008	114000
1917	73	8760	6	7	1957	1999	0	873	0	63	936	936	0	0	936	1	0	1	0	2	1	4	0	1957	1	315	0	0	0	219	0	0	9	2007	141000
836	82	12464	5	5	1996	1996	0	732	0	308	1040	1040	0	0	1040	1	0	1	0	3	1	6	0	2000	2	576	168	0	0	0	0	0	11	2009	152000
1211	80	9200	6	6	1965	1965	0	892	0	244	1136	1136	0	0	1136	1	0	1	0	3	1	5	1	1965	1	384	426	0	0	0	0	0	7	2008	140000
2695	60	7200	5	6	1938	1995	0	0	0	803	803	803	557	0	1360	0	0	1	1	2	1	6	0	1951	1	297	0	65	190	0	0	0	7	2006	125500
2172	74	16287	5	6	1925	1950	0	130	105	666	901	901	450	0	1351	1	0	1	0	3	1	7	1	1975	2	576	0	0	43	0	100	0	7	2007	122000
316	88	11896	7	5	2008	2008	60	78	0	1258	1336	1346	0	0	1346	1	0	2	0	3	1	6	1	2008	3	660	100	48	0	0	0	0	5	2010	220000
1931	60	11556	5	9	1953	2006	0	408	0	456	864	1154	0	0	1154	0	0	1	1	3	1	6	0	1962	1	336	63	0	0	0	0	0	7	2007	142000
1634	38	4740	8	5	1988	1988	0	248	0	918	1166	1179	0	0	1179	1	0	2	0	2	1	5	0	1988	2	480	0	108	0	0	135	0	10	2007	182000
1405	50	5190	7	5	1948	1950	0	0	0	570	570	617	462	0	1079	0	0	1	0	2	1	5	1	1948	1	249	135	0	0	0	0	0	1	2008	125600
624	92	10573	6	6	1961	1961	3	1312	0	141	1453	1453	0	0	1453	1	0	2	0	3	1	6	1	1961	2	530	0	49	0	0	288	0	4	2009	187500
1567	76	9880	6	6	1977	1977	0	522	0	574	1096	1118	0	0	1118	1	0	1	0	3	1	6	1	1977	1	358	203	0	0	0	0	0	7	2008	171000
305	60	7500	4	4	1920	1950	0	0	0	698	698	698	430	0	1128	0	0	1	0	2	1	6	0	1980	2	528	30	0	164	0	0	0	4	2010	68400
2874	50	7000	6	7	1926	1950	0	374	0	487	861	861	424	0	1285	0	1	1	0	3	1	6	0	1950	2	506	96	0	132	0	0	0	5	2006	145400
1476	65	8450	7	5	2004	2004	266	946	0	490	1436	1436	0	0	1436	1	0	2	0	3	1	8	0	2004	2	484	139	98	0	0	0	0	4	2008	210000
1243	80	11900	6	5	1957	1957	387	1040	0	352	1392	1392	0	0	1392	1	0	1	1	3	1	6	2	1957	2	458	0	0	0	0	192	0	6	2008	166000
2652	50	6000	5	7	1955	1955	0	576	0	384	960	960	0	0	960	1	0	1	0	3	1	5	0	1976	2	576	0	0	0	0	0	0	6	2006	135500
26	65	8450	5	6	1968	1968	0	775	0	281	1056	1056	0	0	1056	1	0	1	0	3	1	6	1	1968	1	304	0	85	184	0	0	0	7	2010	142000
1003	39	5070	8	5	1992	1992	0	0	0	1280	1280	1280	0	0	1280	0	0	2	0	2	1	5	0	1992	2	506	0	82	0	0	144	0	8	2008	180000
981	50	7689	5	8	1972	1972	0	720	76	0	796	796	0	0	796	0	1	1	0	2	1	4	0	1998	1	336	138	0	0	0	0	0	7	2009	131900
659	52	9022	5	8	1924	2006	0	0	0	768	768	792	0	0	792	0	0	1	0	2	1	5	0	1924	1	240	316	0	120	0	0	0	5	2009	109500
251	64	6762	7	5	2006	2006	24	686	0	501	1187	1208	0	0	1208	1	0	2	0	2	1	6	0	2006	2	632	105	61	0	0	0	0	2	2010	206000
150	60	10950	5	7	1952	1952	0	339	0	525	864	1064	0	0	1064	0	1	1	0	2	1	4	0	1952	1	318	0	0	0	0	0	0	5	2010	135000
1122	72	8640	7	5	2007	2008	0	0	0	1372	1372	1372	0	0	1372	0	0	2	0	3	1	6	0	2008	2	529	0	140	0	0	0	0	5	2008	250580
1179	38	14963	8	5	1996	1996	0	786	0	474	1260	1288	0	0	1288	1	0	1	1	1	1	4	2	1996	2	500	120	30	0	0	224	0	12	2008	245500
2669	65	9750	5	5	1958	1958	0	0	0	960	960	960	0	0	960	0	0	1	0	3	1	5	0	2002	2	624	0	0	0	0	0	4500	7	2006	125000
2551	80	10800	5	7	1960	1960	88	632	0	616	1248	1248	0	0	1248	1	0	1	0	3	1	6	0	1960	1	286	0	0	0	0	0	0	5	2006	151500
2208	53	5362	5	6	1910	2003	0	0	0	661	661	661	589	0	1250	0	0	2	0	3	1	8	1	1985	2	552	242	0	81	0	0	0	11	2007	139000
1414	50	8405	5	8	1900	1950	0	241	391	229	861	961	406	0	1367	1	0	1	0	4	1	7	0	1978	1	384	0	130	112	0	0	0	4	2008	119000
54	43	3182	8	5	2004	2005	16	24	0	1232	1256	1269	0	0	1269	0	0	2	0	2	1	6	1	2004	2	430	146	20	0	0	144	0	4	2010	192000
1639	195	41600	5	5	1969	1990	0	1047	0	53	1100	1424	0	0	1424	1	0	1	1	3	1	7	0	1969	3	828	144	0	0	0	0	0	11	2007	155000
338	63	10475	5	5	1991	1991	0	458	0	166	624	624	650	0	1274	0	0	1	1	3	1	6	0	1993	2	576	22	0	0	0	0	0	3	2010	136000
837	65	9757	5	7	1994	1994	0	755	0	235	990	990	0	0	990	1	0	1	0	3	1	5	0	1995	1	440	66	0	0	0	92	0	10	2009	143000
167	81	7635	5	6	1960	1960	0	588	350	237	1175	1175	0	0	1175	0	0	1	1	3	1	6	0	1960	2	484	0	0	0	0	0	0	6	2010	148000
1085	53	3710	7	5	2007	2008	20	0	0	1146	1146	1246	0	0	1246	0	0	2	0	2	1	5	1	2007	2	428	100	24	0	0	0	0	3	2008	187687
211	72	10632	5	3	1917	1950	0	0	0	689	689	725	499	0	1224	0	0	1	1	3	1	6	0	1917	1	180	0	0	248	0	0	0	1	2010	107500
906	70	6300	5	4	1938	1950	88	832	0	0	832	832	436	0	1268	0	0	1	1	3	1	7	2	1938	1	250	0	0	55	0	0	0	7	2009	160000
1258	60	5400	4	7	1940	2005	0	0	0	672	672	672	0	0	672	0	0	1	0	2	1	4	0	1997	1	308	88	108	0	0	0	0	7	2008	86900
739	50	6000	6	7	1926	2004	0	0	0	884	884	904	0	0	904	0	0	1	0	2	1	4	0	1926	1	180	0	0	105	0	0	0	1	2009	119000
2305	62	10447	5	6	1984	1984	0	516	0	348	864	887	0	0	887	0	1	1	0	3	1	5	0	1984	1	288	140	0	0	0	0	0	12	2007	124500
2705	50	5500	7	5	2004	2004	0	510	373	190	1073	1073	0	0	1073	1	0	2	0	2	1	4	0	2004	1	246	0	120	0	0	0	0	5	2006	157000
903	67	12354	6	8	1920	2000	0	0	0	684	684	684	512	0	1196	0	0	1	0	3	1	7	0	2005	2	528	0	46	0	0	0	800	8	2009	110000
19	140	19138	4	5	1951	1951	0	120	0	744	864	864	0	0	864	0	0	1	0	2	1	4	0	1951	2	400	0	0	0	0	0	0	6	2010	141000
110	80	8000	7	5	2002	2002	0	833	0	659	1492	1492	0	0	1492	1	0	2	0	3	1	6	1	2002	2	596	277	137	0	0	0	0	4	2010	230000
978	21	1477	4	4	1970	1970	0	509	0	121	630	630	0	0	630	1	0	1	0	1	1	3	0	1970	1	286	0	0	0	0	0	0	4	2009	80000
2068	70	6960	7	8	1940	1998	0	258	0	422	680	798	504	0	1302	0	0	1	1	2	1	6	2	1940	1	224	0	0	0	0	126	0	7	2007	165250
2200	51	6821	6	7	1921	2005	0	113	0	538	651	759	539	0	1298	0	0	2	0	2	1	8	1	1994	1	240	216	0	168	0	0	0	8	2007	146500
1918	65	6860	5	6	1956	1956	54	908	0	100	1008	1008	0	0	1008	1	0	1	0	3	1	6	0	1964	1	308	0	0	0	0	0	0	12	2007	131000
2642	58	6451	7	7	1900	1970	0	208	0	504	712	848	580	0	1428	1	0	1	0	4	1	7	0	1985	2	576	264	0	84	0	0	0	5	2006	139900
1205	74	7785	5	5	1956	1956	0	0	0	0	0	1014	0	0	1014	0	0	1	0	2	1	6	0	1956	1	267	0	0	40	0	200	0	3	2008	98000
304	50	9140	6	5	1921	1975	0	308	0	321	629	727	380	0	1107	0	0	1	0	2	1	5	0	1950	1	625	0	56	0	0	200	0	4	2010	110000
2568	85	8500	5	3	1961	1961	203	600	0	635	1235	1235	0	0	1235	0	0	1	0	2	1	6	0	1961	2	480	0	0	0	0	0	0	12	2006	98600
2171	73	10921	4	5	1965	1965	48	520	0	440	960	960	0	0	960	1	0	1	0	3	1	6	0	1965	1	432	120	0	0	0	0	0	5	2007	94750
2657	48	5747	3	4	1920	1950	0	0	0	798	798	840	0	0	840	0	0	1	0	2	1	5	0	1938	1	250	112	0	0	0	0	0	6	2006	64000
517	75	7862	6	5	2009	2009	0	27	0	1191	1218	1218	0	0	1218	0	0	2	0	2	1	4	0	2009	2	676	0	102	0	0	0	0	9	2009	208300
238	68	9571	5	6	1956	1956	0	739	0	405	1144	1144	0	0	1144	1	0	1	0	3	1	6	0	1956	1	596	44	0	0	0	0	0	6	2010	129000
2862	80	11600	4	5	1922	1950	0	0	0	700	700	1180	0	0	1180	0	0	1	0	2	1	5	1	1922	1	252	0	0	67	0	0	0	7	2006	137500
2062	109	8724	5	5	1968	1968	0	492	0	402	894	894	0	0	894	0	0	1	0	3	1	5	1	1968	2	450	0	0	0	0	0	0	5	2007	129000
990	87	11029	6	8	1958	2002	0	528	411	245	1184	1414	0	0	1414	1	0	1	0	3	1	6	1	1990	2	601	0	51	0	0	190	0	5	2008	176500
519	72	8640	8	5	2009	2009	72	936	0	364	1300	1314	0	0	1314	1	0	2	0	3	1	6	0	2009	2	552	135	112	0	0	0	0	9	2009	229456
1165	34	3604	7	5	2007	2007	0	0	0	689	689	703	689	0	1392	0	0	2	0	2	1	5	0	2007	2	540	0	102	0	0	0	0	2	2008	146000
408	21	1680	5	7	1972	1972	268	231	0	399	630	630	672	0	1302	0	0	2	1	3	1	6	0	1972	1	264	185	0	0	0	0	0	2	2009	119500
414	24	2349	6	5	1977	1977	0	389	0	466	855	855	601	0	1456	0	0	2	1	3	1	6	1	1977	2	440	0	28	0	0	0	0	5	2009	137900
2590	85	15428	5	6	1951	1991	0	741	0	143	884	884	0	0	884	1	0	1	0	2	1	4	0	1951	1	270	0	0	0	0	195	0	6	2006	142000
2918	21	1533	4	5	1970	1970	0	408	0	138	546	546	546	0	1092	0	0	1	1	3	1	5	0	1970	1	286	0	0	0	0	0	0	12	2006	87550
406	21	1680	6	6	1972	1972	425	110	294	79	483	483	504	0	987	1	0	1	1	2	1	5	0	1972	1	288	0	0	0	0	0	0	7	2009	97000
2531	80	9600	7	5	1969	1969	168	0	0	1164	1164	1164	0	0	1164	0	0	1	1	3	1	6	0	1969	2	528	0	0	0	0	0	0	7	2006	140000
2417	105	15578	6	5	2006	2006	0	0	0	728	728	728	728	0	1456	0	0	2	1	3	1	8	0	2006	2	429	0	0	0	0	0	0	5	2006	172785
862	70	8445	5	7	1972	2007	0	656	0	112	768	768	0	0	768	1	0	1	0	2	1	5	0	1988	2	396	58	0	0	0	0	0	3	2009	133000
2040	40	4800	4	7	1916	1990	0	197	0	999	1196	1196	0	0	1196	1	0	1	0	2	1	5	0	1957	2	440	0	0	0	0	0	0	7	2007	109900
2608	85	13400	5	5	1966	1966	1047	516	128	380	1024	1086	0	0	1086	1	0	1	0	3	1	6	1	1966	2	484	0	0	0	0	0	0	6	2006	159950
2539	80	9600	5	7	1967	1967	140	602	402	137	1141	1141	0	0	1141	1	0	1	0	3	1	6	0	1967	1	568	0	78	0	0	0	0	7	2006	158000
931	80	14000	6	8	1950	2004	0	0	0	1092	1092	1152	0	0	1152	0	1	1	0	3	1	6	1	1950	1	300	0	36	0	0	0	0	8	2009	158500
1899	70	9842	4	5	1962	1962	0	0	0	0	0	1224	0	0	1224	0	0	2	0	2	2	6	0	1962	2	462	0	0	0	0	0	0	3	2007	101800
829	95	10324	8	5	2008	2008	140	872	0	382	1254	1254	0	0	1254	1	0	2	0	2	1	5	0	2008	3	810	168	92	0	0	0	0	3	2009	221800
2184	64	6400	5	7	1959	2000	0	77	831	52	960	960	0	0	960	1	0	1	0	2	1	4	0	1959	1	392	144	0	35	0	0	0	12	2007	131750
2302	76	8314	5	7	1982	1982	0	546	0	270	816	816	0	0	816	0	0	1	0	2	1	5	0	1982	1	264	168	0	0	0	0	0	6	2007	124500
398	60	7038	4	6	1970	1970	0	726	0	138	864	864	0	0	864	1	0	1	0	3	1	5	0	2001	2	576	210	0	0	0	0	0	9	2009	76500
951	75	9750	6	6	1977	1977	0	767	0	135	902	926	0	0	926	1	0	1	0	2	1	5	1	1977	1	351	319	0	0	0	0	0	4	2009	156450
1907	80	9600	5	6	1955	1955	176	368	0	710	1078	1150	0	0	1150	1	0	1	0	2	1	6	0	1955	1	288	0	0	0	0	175	0	10	2007	144000
352	61	7380	8	5	1998	1998	0	341	0	1077	1418	1478	0	0	1478	1	0	2	0	2	1	5	0	1998	2	495	168	43	0	0	0	0	7	2009	240000
401	70	10500	4	6	1971	1971	0	524	180	160	864	864	0	0	864	0	0	1	0	2	1	4	0	1989	2	576	216	0	0	0	0	0	3	2009	97000
1170	42	4385	9	5	2001	2001	0	964	0	455	1419	1419	0	0	1419	1	0	1	1	2	1	5	1	2001	2	588	155	58	0	0	0	0	9	2008	290000
1885	70	7535	5	7	1958	1985	0	111	279	522	912	912	0	0	912	0	1	1	0	2	1	5	0	1958	1	297	12	285	0	0	0	480	6	2007	120000
2916	80	13384	5	5	1969	1979	194	119	344	641	1104	1360	0	0	1360	1	0	1	0	3	1	8	1	1969	1	336	160	0	0	0	0	0	5	2006	140000
1578	73	9735	5	5	2006	2007	0	0	0	384	384	754	640	0	1394	0	0	2	1	3	1	7	0	2007	2	400	100	0	0	0	0	0	5	2008	167500
669	77	11500	6	4	1967	1967	0	872	60	108	1040	1040	0	0	1040	1	0	1	0	3	1	6	1	1967	2	480	0	0	156	0	0	0	5	2009	163000
1989	60	8520	5	6	1923	2006	0	0	0	968	968	968	0	0	968	0	0	1	0	2	1	5	0	1935	2	480	0	0	184	0	0	0	7	2007	100000
1900	57	8280	6	5	1950	1950	0	0	0	932	932	932	0	0	932	0	0	1	0	2	1	4	1	1950	1	306	0	0	214	0	0	0	11	2007	124000
850	67	16285	7	5	2001	2002	0	0	0	1413	1413	1430	0	0	1430	0	0	2	0	3	1	6	0	2001	2	605	0	33	0	0	0	0	6	2009	187100
1493	90	10012	4	5	1972	1972	0	920	180	38	1138	1181	0	0	1181	1	0	2	0	3	1	6	0	1974	2	588	0	0	180	0	0	0	4	2008	137500
1678	21	2058	6	5	1973	1973	265	0	0	672	672	672	546	0	1218	0	0	1	1	4	1	7	0	1973	1	264	0	28	0	0	0	0	12	2007	113700
2696	60	9786	3	4	1922	1950	0	0	0	1007	1007	1077	0	0	1077	0	0	1	0	3	1	6	1	1922	1	210	0	100	48	0	0	0	5	2006	91000
2085	39	3869	5	6	1984	1984	149	283	755	0	1038	1038	0	0	1038	0	0	2	0	2	1	5	0	1984	1	264	0	105	0	0	0	0	7	2007	130000
1500	35	3675	6	5	2005	2005	80	459	0	88	547	1072	0	0	1072	1	0	1	0	2	1	5	0	2005	2	525	0	28	0	0	0	0	6	2008	148000
2750	73	9069	6	8	1993	1993	0	261	1083	0	1344	1440	0	0	1440	2	0	2	0	2	2	8	0	1993	4	920	288	0	0	0	0	0	4	2006	224500
841	112	10859	5	5	1994	1995	0	0	0	1097	1097	1097	0	0	1097	0	0	1	1	3	1	6	0	1995	2	672	392	64	0	0	0	0	6	2009	145000
1338	50	6000	6	7	1937	2000	0	201	162	462	825	825	672	0	1497	0	0	2	0	3	1	5	0	2004	1	672	272	0	0	0	0	0	5	2008	157000
2371	21	1680	6	5	1972	1972	504	276	0	207	483	483	465	0	948	0	0	1	1	2	1	5	0	1972	1	264	0	0	0	0	0	0	7	2006	89000
1030	80	10400	6	5	1976	1976	120	0	0	1444	1444	1444	0	0	1444	0	0	2	0	2	1	5	1	1976	2	473	0	24	0	0	0	0	4	2008	159900
2910	41	2665	5	6	1977	1977	0	548	173	36	757	925	550	0	1475	0	0	2	0	4	1	6	1	1977	1	336	104	26	0	0	0	0	7	2006	127000
1416	68	10880	5	5	1950	1950	0	1040	0	124	1164	1164	0	0	1164	1	0	1	0	3	1	5	0	1950	1	240	0	48	0	0	0	0	8	2008	125000
2834	56	6956	4	7	1948	1950	0	0	0	624	624	624	312	0	936	0	0	1	0	3	1	5	0	1948	1	265	0	0	0	0	0	0	4	2006	97900
1080	59	8198	7	5	2004	2004	146	720	0	638	1358	1358	0	0	1358	1	0	2	0	2	1	6	1	2004	2	484	192	30	0	0	0	0	7	2008	207000
998	53	14137	5	5	1996	1997	0	450	0	898	1348	1384	0	0	1384	1	0	2	0	3	1	7	0	1996	2	404	0	39	0	0	0	0	11	2008	177900
1189	80	11040	6	7	1971	2004	144	656	0	602	1258	1258	0	0	1258	0	1	2	0	3	1	5	0	1971	2	528	55	0	0	216	0	0	10	2008	145000
2186	75	10215	4	5	1954	1954	132	492	0	372	864	948	0	0	948	0	0	1	0	3	1	5	0	1954	1	248	0	0	0	0	0	0	2	2007	111000
2598	60	5400	5	6	1921	1968	0	0	0	1073	1073	1073	0	0	1073	0	0	1	0	2	1	4	0	1968	1	326	0	0	112	0	0	0	12	2006	108480
1683	24	2304	7	7	1978	1978	0	632	6	423	1061	1055	0	0	1055	0	0	2	0	2	1	4	0	1978	1	319	108	32	0	0	0	0	4	2007	142500
708	62	7404	4	6	1920	1950	0	0	0	861	861	861	0	0	861	0	0	1	0	2	1	5	0	1920	2	288	0	0	128	0	0	0	11	2009	80000
594	62	7130	5	6	1967	1967	0	648	0	216	864	864	0	0	864	0	1	1	0	2	1	5	0	1967	1	312	0	0	0	0	0	0	6	2009	130000
2032	57	7449	7	7	1930	1950	0	0	0	637	637	1108	0	0	1108	0	0	1	0	3	1	6	1	1930	1	280	0	0	205	0	0	0	6	2007	139400
665	60	10800	5	7	1920	1950	0	0	0	720	720	846	0	0	846	0	0	1	0	2	1	4	0	1980	2	576	0	0	0	0	0	0	6	2009	106000
965	125	14419	7	5	1987	1989	310	904	624	117	1645	1479	0	0	1479	2	0	2	1	3	1	7	1	1987	2	578	224	238	0	0	0	0	7	2009	213500
7	41	4920	8	5	2001	2001	0	616	0	722	1338	1338	0	0	1338	1	0	2	0	2	1	6	0	2001	2	582	0	0	170	0	0	0	4	2010	213500
690	80	7936	6	6	1963	1963	0	826	0	219	1045	1045	0	0	1045	1	0	1	0	3	1	6	1	1963	1	264	0	0	0	0	0	0	4	2009	127000
419	65	7150	5	5	1967	1967	60	432	0	460	892	892	0	0	892	0	0	1	0	3	1	5	0	1967	1	288	0	0	0	0	0	0	7	2009	100000
2822	73	16133	5	4	1969	1969	0	847	0	329	1176	1176	0	0	1176	1	0	1	0	2	1	5	0	1969	1	360	0	92	0	0	112	0	12	2006	119900
1596	41	2665	5	7	1976	1976	0	318	0	232	550	925	550	0	1475	0	0	2	0	4	1	6	1	1976	1	336	92	26	0	0	0	0	5	2008	129500
232	60	9600	4	7	1950	1995	0	442	0	625	1067	1067	0	0	1067	0	0	2	0	2	1	4	0	1996	2	436	290	0	0	0	0	0	2	2010	128000
53	43	3203	7	5	2006	2006	14	16	0	1129	1145	1145	0	0	1145	0	0	2	0	2	1	6	0	2006	2	437	100	116	0	0	0	0	1	2010	160000
257	82	11105	5	5	1996	1996	0	870	0	0	870	965	0	0	965	1	0	1	0	2	1	4	0	1998	2	580	71	0	0	0	0	0	7	2010	159000
2520	36	3640	8	5	1980	1980	0	860	0	176	1036	1036	0	0	1036	1	0	1	0	1	1	4	1	1980	2	484	133	108	0	0	0	0	9	2006	188000
2650	40	4400	6	8	1920	1950	0	0	0	648	648	734	384	0	1118	0	0	1	0	2	1	6	0	1990	2	440	0	0	0	0	0	0	10	2006	116000
2656	49	5820	3	8	1955	2005	0	256	0	906	1162	1163	0	0	1163	1	0	1	0	3	1	6	0	1955	1	220	142	98	0	0	0	0	7	2006	126175
2826	35	3675	5	5	2005	2005	80	547	0	0	547	1072	0	0	1072	1	0	1	0	2	1	5	0	2005	2	525	0	28	0	0	0	0	5	2006	145000
887	67	8877	4	6	1938	1958	0	690	0	126	816	816	0	0	816	1	0	1	0	2	1	3	1	1958	1	288	0	0	0	0	0	0	5	2009	100000
2169	75	9825	5	5	1967	1967	162	936	0	0	936	936	0	0	936	1	0	1	0	2	1	4	1	1967	1	384	405	0	0	0	0	450	8	2007	118500
1684	65	7150	5	6	1966	1966	52	725	0	263	988	988	0	0	988	1	0	1	0	3	1	5	0	1974	1	360	0	0	0	0	0	0	11	2007	129250
2509	24	2544	7	5	2005	2005	0	0	0	600	600	520	623	80	1223	0	0	2	1	2	1	4	0	2005	2	480	0	166	0	0	0	0	7	2006	149900
1161	35	4017	7	5	2006	2007	0	0	0	625	625	625	625	0	1250	0	0	2	1	2	1	5	0	2006	2	625	0	54	0	0	0	0	3	2008	171900
1842	35	4251	7	5	2006	2007	0	0	0	625	625	625	625	0	1250	0	0	2	1	2	1	5	0	2006	2	528	0	54	0	0	0	0	6	2007	164700
253	64	7360	7	5	2010	2010	80	24	0	1198	1222	1222	0	0	1222	0	0	2	0	2	1	6	0	2009	2	615	0	54	0	0	0	0	3	2010	187000
2711	80	10366	6	7	1964	1964	0	456	0	456	912	934	0	0	934	0	1	1	0	2	1	4	0	1964	1	336	77	0	0	0	0	500	7	2006	132000
2507	30	3180	7	5	2005	2005	0	0	0	600	600	520	600	80	1200	0	0	2	1	2	1	4	0	2005	2	480	0	166	0	0	0	0	6	2006	151000
2815	65	8461	6	5	2005	2006	0	0	0	728	728	728	728	0	1456	0	0	2	1	3	1	8	1	2005	2	390	0	24	0	0	0	0	7	2006	163990
2170	67	8308	4	6	1963	1963	20	132	841	115	1088	1088	0	0	1088	0	0	1	0	2	1	4	0	2002	2	520	0	0	0	0	0	0	6	2007	110000
483	34	5063	7	5	2007	2008	166	904	0	410	1314	1314	0	0	1314	1	0	2	0	2	1	6	1	2008	2	626	172	62	0	0	0	0	4	2009	207500
918	53	7155	7	8	1918	1990	0	0	0	600	600	628	600	0	1228	0	0	1	0	3	1	6	1	1918	1	215	0	113	0	0	195	0	5	2009	137000
2468	60	7200	6	5	2006	2006	68	905	0	357	1262	1262	0	0	1262	0	0	2	0	2	1	5	0	2006	2	572	0	120	0	0	0	0	5	2006	185000
2710	96	11777	5	6	1966	1966	97	328	551	285	1164	1320	0	0	1320	1	0	1	0	3	1	6	2	1966	2	564	160	68	240	0	0	0	5	2006	164500
886	75	9937	5	7	1964	1999	0	637	0	849	1486	1486	0	0	1486	1	0	1	0	3	1	7	0	1968	2	480	0	0	0	0	0	0	3	2009	167000
1269	60	7200	5	5	1950	1950	0	0	0	0	0	1048	0	0	1048	0	0	1	0	3	1	7	0	1950	2	420	0	27	0	0	0	0	7	2008	98300
1509	70	11767	5	6	1946	1995	0	352	0	416	768	768	432	0	1200	0	0	1	0	3	1	6	0	1946	1	240	0	0	0	0	0	0	5	2008	130500
196	50	6000	6	6	1940	1950	0	264	0	308	572	848	348	0	1196	0	1	1	1	3	1	6	2	1973	2	576	0	0	0	0	0	0	3	2010	128000
2752	64	7488	7	5	2005	2005	0	393	0	815	1208	1208	0	0	1208	0	0	2	0	2	1	6	0	2005	2	632	105	58	0	0	0	0	2	2006	183600
736	50	6000	5	8	1925	1997	0	0	0	884	884	884	464	0	1348	1	0	1	0	3	1	5	1	1960	1	216	0	0	208	0	0	0	5	2009	117000
2819	67	8877	4	5	1951	1951	0	836	0	0	836	1220	0	0	1220	0	0	1	0	2	1	6	0	1951	2	396	0	0	0	0	0	0	4	2006	102000
2594	50	7500	6	6	1947	1950	0	0	0	784	784	900	412	0	1312	0	0	1	1	3	1	6	0	1953	2	649	0	28	0	0	0	0	10	2006	127000
1336	50	6000	5	7	1924	2003	0	0	0	949	949	949	0	0	949	0	0	1	0	2	1	5	1	1924	2	370	0	0	48	0	0	0	7	2008	119000
913	64	8574	6	8	1916	2000	0	0	0	816	816	1232	0	0	1232	0	0	1	0	3	1	6	1	1916	2	440	0	0	180	0	0	0	10	2009	147500
2236	50	6060	4	5	1939	1950	0	0	0	732	732	772	351	0	1123	0	0	1	0	3	1	4	0	1979	1	264	0	0	140	0	0	0	6	2007	100000
933	24	1733	6	6	1980	1980	0	0	0	516	516	516	516	0	1032	0	0	1	0	2	1	5	1	1980	2	452	279	0	0	0	0	0	5	2009	115000
2714	74	7844	6	7	1978	1978	203	209	0	463	672	672	728	0	1400	0	0	1	1	3	1	6	1	1978	2	440	0	0	0	0	0	0	3	2006	149500
1024	90	13068	6	5	1976	1976	621	890	48	273	1211	1211	0	0	1211	1	0	2	0	3	1	6	1	1976	2	461	0	0	0	174	0	0	11	2008	161000
413	24	2308	6	5	1974	1974	0	257	495	103	855	855	467	0	1322	0	1	2	1	3	1	6	1	1974	2	440	260	0	0	0	0	0	6	2009	147000
2666	84	11340	6	5	1923	1950	0	0	0	1200	1200	1200	0	0	1200	0	0	1	0	4	1	7	0	1923	1	312	0	0	228	0	0	0	3	2006	125000
2679	51	6120	5	7	1925	1950	0	489	0	279	768	1015	0	0	1015	0	0	1	0	3	1	6	0	1925	1	450	0	0	112	0	120	620	7	2006	88000
2258	115	16905	5	6	1959	1959	0	967	0	383	1350	1328	0	0	1328	0	1	1	1	2	1	5	2	1959	1	308	0	104	0	0	0	0	7	2007	170000
2016	52	6240	5	7	1930	1992	0	0	0	966	966	1014	412	0	1426	0	0	1	0	3	1	6	1	1930	1	230	174	0	96	0	0	0	7	2007	131750
591	80	9650	6	5	1977	1977	360	686	0	664	1350	1334	0	0	1334	0	1	2	0	2	1	6	1	1977	2	630	0	16	0	0	0	0	4	2009	167900
2213	126	13108	5	5	1951	1951	0	0	0	0	0	1226	0	0	1226	0	0	1	1	2	1	7	1	1951	2	400	174	24	120	0	228	0	6	2007	153500
2240	60	8967	5	2	1920	1950	0	0	0	961	961	1077	0	0	1077	0	0	1	0	2	1	6	0	1920	1	338	0	0	0	0	0	0	11	2007	67000
1180	22	11064	8	5	1995	1995	0	560	670	0	1230	1239	0	0	1239	1	0	1	1	1	1	4	1	1995	2	477	172	24	0	0	0	0	8	2008	217500
97	30	3182	7	5	2004	2005	0	0	0	600	600	600	600	0	1200	0	0	2	1	2	1	4	0	2004	2	480	0	172	0	0	0	0	6	2010	151000
68	92	9215	7	5	2009	2010	0	0	0	1218	1218	1218	0	0	1218	0	0	2	0	2	1	4	0	2009	2	676	0	136	0	0	0	0	4	2010	204500
769	70	12886	5	6	1963	1999	0	444	0	76	520	1464	0	0	1464	0	1	2	0	3	1	6	1	1997	2	480	302	0	0	0	100	0	10	2009	175000
2433	74	9056	8	5	2004	2004	0	0	0	707	707	707	707	0	1414	0	0	2	1	3	1	6	1	2004	2	403	100	35	0	0	0	0	10	2006	178000
1590	78	7060	7	5	1997	1998	200	1309	0	35	1344	1344	0	0	1344	2	0	2	0	2	2	8	0	1997	4	784	0	0	0	0	0	0	11	2008	206300
715	50	3500	5	7	1947	1950	0	312	0	408	720	720	564	0	1284	0	0	1	1	2	1	5	0	1948	1	240	0	35	0	0	0	0	4	2009	110000
1300	50	6000	5	5	1948	1950	0	104	169	516	789	789	0	0	789	0	0	1	0	2	1	5	0	1948	1	250	0	0	0	0	0	0	4	2008	115000
2461	72	8640	8	5	2006	2006	0	24	0	1254	1278	1278	0	0	1278	0	0	2	0	2	1	5	0	2006	2	584	0	60	0	0	0	0	10	2006	198600
845	68	9017	7	5	1999	1999	0	560	0	871	1431	1431	0	0	1431	1	0	2	0	3	1	6	0	1999	2	666	0	35	0	0	0	0	9	2009	192000
2686	50	11672	5	5	1925	1950	0	0	0	816	816	816	0	0	816	0	0	1	0	2	1	4	0	1925	1	210	168	0	112	0	0	0	7	2006	109000
2088	50	7550	4	5	1920	1950	0	0	0	951	951	986	376	0	1362	0	0	2	0	4	1	7	0	1920	1	280	0	0	0	0	0	0	3	2007	96000
2804	37	4435	6	5	2004	2004	169	662	0	186	848	848	0	0	848	1	0	1	0	1	1	3	1	2004	2	420	140	0	0	0	0	0	5	2006	155900
2730	100	13350	5	5	1974	1974	0	762	0	102	864	894	0	0	894	1	0	1	0	3	1	5	1	1974	2	440	241	0	0	0	0	0	6	2006	142500
638	70	8750	5	5	1955	1955	0	172	483	727	1382	1382	0	0	1382	0	1	1	0	3	1	6	0	1955	1	350	280	0	0	0	0	0	7	2009	153000
2303	65	11625	5	7	1983	1983	0	596	0	220	816	816	0	0	816	1	0	1	0	2	1	4	0	1983	1	264	330	0	0	0	0	0	5	2007	139000
191	60	10560	6	7	1922	1994	0	283	0	455	738	868	602	0	1470	0	0	1	1	2	1	6	0	1970	2	624	0	0	0	0	0	0	6	2010	140750
13	63	8402	6	5	1998	1998	0	0	0	789	789	789	676	0	1465	0	0	2	1	3	1	7	1	1998	2	393	0	75	0	0	0	0	5	2010	180400
2583	70	8092	6	8	1954	2000	176	824	0	226	1050	1050	0	0	1050	1	0	1	0	3	1	6	0	1954	1	286	0	0	0	0	0	0	6	2006	156000
896	70	11767	5	5	1950	1950	0	1078	0	0	1078	1368	0	0	1368	1	0	1	0	3	1	6	0	1950	1	195	0	41	211	0	0	900	6	2009	120000
474	43	3182	7	5	2005	2006	11	16	0	1129	1145	1145	0	0	1145	0	0	2	0	2	1	5	1	2005	2	397	100	16	0	0	0	0	9	2009	160200
246	83	11980	7	5	1987	1987	177	1433	0	0	1433	1433	0	0	1433	1	0	1	1	1	1	4	2	1987	2	528	0	278	0	0	266	0	6	2010	270000
952	72	9360	6	7	1977	1977	0	841	116	0	957	1287	0	0	1287	1	0	1	1	2	1	5	2	1977	2	541	302	39	0	0	120	0	11	2009	173000
224	80	9364	6	7	1969	1969	143	371	0	292	663	663	689	0	1352	0	0	1	1	4	1	7	0	1969	1	299	379	36	0	0	0	0	3	2010	158000
2682	51	6120	5	7	1930	1984	0	0	0	741	741	741	583	0	1324	0	0	1	0	3	1	7	0	1930	1	180	0	0	55	0	0	0	2	2006	110000
2532	75	9750	5	5	1967	1967	0	400	480	100	980	980	0	0	980	0	0	2	0	3	1	6	0	1967	1	384	68	0	0	0	0	0	10	2006	135500
256	80	8816	6	7	1971	1971	80	504	0	506	1010	1052	0	0	1052	1	0	1	0	3	1	6	0	1971	2	440	0	0	0	0	0	0	6	2010	155000
2205	53	7155	6	8	1926	1991	0	0	0	686	686	686	775	0	1461	0	0	1	0	3	1	6	1	1926	1	225	0	0	116	0	0	0	7	2007	135000
1939	70	8400	5	5	1955	1955	0	793	0	130	923	925	0	0	925	1	0	1	0	3	1	5	2	1955	1	390	81	0	0	0	0	0	3	2007	116900
354	57	8923	7	5	1998	1998	0	189	0	195	384	751	631	0	1382	0	0	2	1	3	1	7	1	1998	2	396	256	0	0	0	0	0	2	2009	177500
1117	91	12274	7	5	2008	2008	256	0	0	1417	1417	1428	0	0	1428	0	0	2	0	3	1	6	0	2008	2	554	0	60	0	0	0	0	7	2008	227680
2373	21	1680	6	5	1972	1972	297	0	0	483	483	483	504	0	987	0	0	1	1	2	1	5	1	1972	1	288	0	0	0	0	0	0	6	2006	94500
360	58	7250	6	5	1993	1993	45	0	0	1181	1181	1190	0	0	1190	0	0	2	0	3	1	6	1	1993	2	430	0	21	0	0	0	0	11	2009	166000
236	85	10625	5	5	1920	1950	0	108	0	350	458	835	0	0	835	0	0	1	0	2	1	5	0	1920	1	366	0	0	77	0	0	400	5	2010	83000
2148	70	8749	7	5	2002	2002	100	0	0	1459	1459	1459	0	0	1459	0	0	2	0	3	1	6	1	2002	2	527	192	39	0	0	0	0	9	2007	192000
1290	60	4800	5	4	1940	1950	0	0	0	672	672	672	0	0	672	0	0	1	0	2	1	4	0	1950	1	256	0	0	0	0	0	0	8	2008	64000
2813	65	8772	7	5	2005	2006	0	996	0	340	1336	1336	0	0	1336	1	0	2	0	3	1	6	0	2005	2	502	136	43	0	0	0	0	9	2006	198000
2190	68	9450	4	5	1954	1954	0	552	0	342	894	894	0	0	894	0	0	1	0	3	1	5	0	1999	2	400	0	0	0	0	0	0	5	2007	110000
2004	52	8626	4	6	1956	1956	1	0	0	0	0	968	0	0	968	0	0	1	0	2	1	5	0	1956	1	331	0	0	0	0	0	0	5	2007	104500
241	83	10420	6	5	2009	2009	0	36	0	1176	1212	1212	0	0	1212	0	0	2	0	3	1	6	0	2009	2	460	100	22	0	0	0	0	3	2010	186000
237	65	11479	6	7	1950	1987	0	104	387	172	663	1074	0	0	1074	1	0	1	0	3	1	6	1	1987	1	467	0	52	52	0	0	0	6	2010	144500
2265	42	10331	7	7	1985	1985	0	215	80	970	1265	1240	0	0	1240	0	1	2	0	3	1	6	0	1985	2	528	232	0	0	0	0	0	7	2007	174000
1453	60	7200	5	7	1972	1972	0	632	0	148	780	780	0	0	780	0	0	1	0	2	1	4	0	1973	1	352	196	0	0	0	0	0	1	2008	124900
1741	64	7697	7	6	2007	2007	0	0	0	1246	1246	1258	0	0	1258	0	0	2	0	3	1	6	0	2007	2	462	0	0	0	0	0	0	8	2007	173500
2787	70	9800	5	7	1972	1972	0	894	0	0	894	894	0	0	894	1	0	1	0	3	1	5	0	1975	2	552	256	0	0	0	0	0	7	2006	149900
1673	34	4058	7	5	1998	1998	182	584	139	0	723	767	0	0	767	1	0	1	0	1	1	4	0	1998	1	367	120	40	0	0	0	0	6	2007	133000
2069	91	11375	6	5	1954	1995	0	736	0	231	967	1299	0	0	1299	0	0	1	0	3	1	6	1	1954	2	494	81	0	280	0	0	0	10	2007	150000
893	35	3675	6	5	2005	2006	80	547	0	0	547	1072	0	0	1072	1	0	1	0	2	1	5	0	2005	2	525	0	28	0	0	0	0	4	2009	145500
2706	75	11235	4	5	1963	1979	51	547	0	504	1051	1382	0	0	1382	0	0	1	1	3	1	6	1	1974	2	459	0	82	0	0	0	0	10	2006	148000
2702	92	6930	5	4	1958	1958	120	300	294	468	1062	1352	0	0	1352	0	1	1	0	3	1	6	0	1958	1	288	168	0	294	0	0	0	7	2006	130000
1513	67	5142	4	7	1923	2008	0	224	0	725	949	949	343	0	1292	0	0	1	1	3	1	6	0	1923	1	205	0	0	183	0	0	0	6	2008	108000
908	60	8400	2	5	1920	1950	0	290	0	0	290	438	0	0	438	0	0	1	0	1	1	3	0	1930	1	246	0	0	0	0	0	0	1	2009	60000
1238	74	8856	5	4	1957	1957	143	621	52	503	1176	1176	0	0	1176	1	0	1	0	3	1	6	2	1957	1	292	0	88	0	0	95	0	5	2008	136500
1010	65	5950	8	5	1989	1989	0	319	0	1018	1337	1337	0	0	1337	1	0	2	0	2	1	5	1	1989	2	462	0	73	154	0	0	0	4	2008	188500
1757	76	9967	7	5	2000	2000	0	0	0	384	384	774	656	0	1430	0	0	2	1	3	1	8	1	2000	2	400	100	0	0	0	0	0	12	2007	170000
890	80	10682	4	6	1960	1971	0	399	0	615	1014	1149	0	0	1149	1	0	1	0	3	1	7	0	1968	1	544	0	240	0	0	0	0	7	2009	127000
2521	40	3874	8	5	1980	1980	0	807	0	419	1226	1226	0	0	1226	1	0	1	0	1	1	4	1	1980	2	484	133	78	0	0	0	0	7	2006	190000
1327	52	8516	4	6	1958	2006	0	0	0	869	869	1093	0	0	1093	0	0	1	0	2	1	5	0	1959	1	308	0	0	0	0	0	0	5	2008	115500
2897	50	8049	7	5	1990	1990	54	1053	0	256	1309	1339	0	0	1339	1	0	2	0	2	1	6	1	1990	2	484	0	58	0	0	90	0	7	2006	180000
612	80	9600	5	6	1959	1959	132	991	0	50	1041	1041	0	0	1041	1	0	1	0	3	1	6	0	1959	1	270	224	88	0	0	0	0	7	2009	124500
460	48	6472	9	5	2008	2008	500	0	0	1451	1451	1456	0	0	1456	0	0	2	0	2	1	6	1	2008	2	539	192	42	0	0	0	0	4	2009	248500
227	86	11227	5	5	1968	1968	0	267	453	0	720	720	720	0	1440	0	0	1	1	4	1	7	2	1968	2	480	192	38	0	0	0	0	3	2010	163000
1976	50	6000	6	6	1927	1950	0	276	0	569	845	866	430	0	1296	0	0	1	0	3	1	6	0	1980	2	576	0	0	175	0	0	0	7	2007	127500
2030	40	5680	5	3	1901	1950	0	0	0	969	969	969	245	0	1214	0	0	1	0	2	1	6	0	1920	1	216	0	0	77	0	0	0	9	2007	117000
1658	70	12243	5	6	1971	1971	0	998	0	486	1484	1484	0	0	1484	0	0	2	0	3	1	7	1	1971	2	487	224	0	0	0	180	0	2	2007	175000
2426	43	3010	7	5	2005	2006	16	16	0	1232	1248	1248	0	0	1248	0	0	2	0	2	1	5	0	2005	2	438	108	0	0	0	0	0	3	2006	167240
2179	60	7024	5	5	2005	2006	0	980	0	110	1090	1090	0	0	1090	1	0	1	1	2	1	5	0	2005	2	450	0	49	0	0	0	0	6	2007	157000
1663	70	10500	5	7	1971	2005	82	349	0	23	372	576	533	0	1109	0	1	1	0	3	1	5	0	1971	1	288	35	0	0	0	0	0	12	2007	139000
1212	75	8250	6	7	1964	1964	260	787	0	305	1092	1092	0	0	1092	1	0	1	0	3	1	6	0	1964	2	504	0	0	0	0	0	0	7	2008	145000
2912	58	10172	5	7	1968	2003	0	441	0	423	864	874	0	0	874	1	0	1	0	3	1	5	0	1968	1	288	0	120	0	0	0	0	10	2006	126500
873	70	8750	7	5	1997	1998	209	1111	0	306	1417	1417	0	0	1417	1	0	2	0	3	1	7	1	1997	2	511	60	0	0	0	117	0	8	2009	210000
1737	73	8899	7	5	2007	2007	0	24	0	1316	1340	1340	0	0	1340	0	0	2	0	3	1	6	0	2007	2	396	100	30	0	0	0	0	8	2007	181134
571	34	3230	6	5	1999	1999	894	381	0	348	729	742	729	0	1471	0	0	2	1	3	1	6	0	1999	2	440	0	24	0	0	0	0	3	2009	172500
2708	70	8414	6	8	1963	2003	0	663	0	396	1059	1068	0	0	1068	0	1	1	0	3	1	6	0	1963	1	264	192	0	0	0	0	0	2	2006	154500
213	65	6001	6	5	1940	1950	0	368	0	232	600	600	319	0	919	0	0	1	0	3	1	5	0	1940	1	231	0	0	45	0	0	0	3	2010	95000
2006	55	6854	5	7	1925	1994	0	317	227	212	756	916	144	0	1060	1	0	1	0	1	1	6	1	1969	1	308	0	65	0	0	150	0	8	2007	136500
1934	68	7942	6	7	1953	1953	0	85	955	0	1040	1040	0	0	1040	0	1	1	0	3	1	6	0	1953	1	293	0	0	0	0	0	0	6	2007	136000
1993	35	4571	5	7	1910	1950	0	168	0	448	616	616	616	0	1232	0	0	1	0	3	1	6	0	1920	2	480	280	0	143	0	0	0	6	2007	114000
2123	57	10021	6	6	1997	2006	0	539	0	96	635	646	662	0	1308	1	0	2	1	3	1	6	0	1997	2	497	142	54	0	0	0	0	5	2007	175000
1680	24	1920	5	5	1971	1971	376	471	0	294	765	765	600	0	1365	1	0	1	1	2	1	6	0	1971	2	440	240	36	0	0	0	0	8	2007	122500
2879	60	11040	4	6	1920	1950	0	637	0	0	637	897	439	0	1336	0	0	1	1	3	1	7	0	1994	1	570	0	47	120	0	0	0	9	2006	108000
1072	135	12304	7	5	2005	2005	144	20	0	1347	1367	1367	0	0	1367	0	0	2	0	2	1	6	1	2005	2	484	0	33	0	0	0	0	6	2008	192000
2166	64	8333	7	5	2006	2006	0	0	0	738	738	738	753	0	1491	0	0	2	1	3	1	7	1	2006	2	484	100	30	0	0	0	0	5	2007	168675
1734	88	12216	6	5	2005	2005	0	918	0	408	1326	1326	0	0	1326	1	0	2	0	3	1	6	0	2005	2	388	120	23	0	0	0	2000	6	2007	203000
723	60	7200	5	4	1910	2006	0	247	465	310	1022	1022	0	0	1022	1	0	1	0	2	1	4	0	1956	1	280	0	30	226	0	0	0	6	2009	85000
2242	64	11067	2	4	1939	1950	0	0	0	0	0	640	0	205	845	0	0	1	0	1	1	4	0	1950	1	256	48	0	0	0	0	0	3	2007	68104
641	74	8532	5	6	1954	1990	650	1213	0	84	1297	1297	0	0	1297	0	1	1	0	3	1	5	1	1954	2	498	0	0	0	0	0	0	10	2009	153000
2707	72	10791	4	5	1967	1967	0	0	0	0	0	1296	0	0	1296	0	0	2	0	2	2	6	0	1967	2	516	0	0	0	0	0	500	10	2006	90000
2269	73	9590	7	5	2003	2003	442	786	0	82	868	1146	0	0	1146	1	0	2	0	3	1	6	1	2003	2	438	160	22	0	0	0	0	5	2007	187500
1047	53	4043	6	6	1977	1977	0	559	0	510	1069	1069	0	0	1069	0	0	2	0	2	1	4	0	1977	2	440	0	55	0	0	200	0	10	2008	140000
277	60	10044	5	6	1968	1968	0	1070	0	126	1196	1196	0	0	1196	1	0	1	0	3	1	6	0	1968	1	336	257	0	168	0	0	0	6	2010	144000
1163	30	3180	6	5	2005	2005	0	390	0	210	600	600	600	0	1200	1	0	2	1	2	1	5	0	2005	2	480	0	166	0	0	0	0	5	2008	165000
794	62	7440	5	6	1954	1954	0	173	0	916	1089	1089	0	0	1089	1	0	1	0	3	1	5	1	1954	1	252	328	0	0	0	0	0	9	2009	125000
2365	24	2760	6	5	1973	1973	514	0	0	525	525	525	567	0	1092	0	0	1	1	3	1	6	0	1973	2	440	0	0	0	0	0	0	12	2006	105500
2175	65	6285	6	6	1976	1976	0	504	0	456	960	1044	0	0	1044	1	0	1	0	3	1	7	1	1976	2	528	228	0	0	0	0	0	4	2007	133500
738	60	6000	5	5	1924	1950	444	220	0	248	468	822	320	0	1142	0	0	1	0	3	1	6	0	1924	1	320	0	0	98	0	0	0	6	2009	93000
1675	26	10943	6	5	1997	1998	0	930	0	475	1405	1337	0	0	1337	1	0	2	0	2	1	5	1	1997	2	522	0	68	0	0	0	0	10	2007	177000
2909	41	2665	5	6	1977	1977	0	0	0	264	264	616	688	0	1304	0	0	1	1	3	1	5	1	1977	1	336	141	0	0	0	0	0	5	2006	104500
50	41	7132	8	5	2006	2006	178	24	0	1346	1370	1370	0	0	1370	0	0	2	0	2	1	6	1	2006	2	484	120	49	0	0	0	0	4	2010	205000
288	45	8212	3	3	1914	1950	0	203	0	661	864	864	0	0	864	1	0	1	0	2	1	5	0	1938	1	200	0	0	96	0	0	0	6	2010	58500
2896	54	13811	6	6	1987	1987	72	980	40	92	1112	1137	0	0	1137	1	0	2	0	2	1	5	1	1987	2	551	125	0	0	0	0	0	7	2006	176000
1092	55	7301	7	6	2007	2008	176	876	0	474	1350	1358	0	0	1358	1	0	2	0	2	1	6	1	2008	2	484	192	26	0	0	0	0	11	2008	217300
2029	40	5680	5	4	1901	1950	0	0	0	592	592	933	240	0	1173	0	0	2	0	3	1	7	0	1920	1	240	0	25	77	0	0	0	9	2007	113000
2828	35	3675	6	5	2005	2006	82	547	0	0	547	1072	0	0	1072	1	0	1	0	2	1	5	0	2005	2	525	0	44	0	0	0	0	10	2006	142500
1027	75	9743	5	6	1969	1969	0	280	0	440	720	720	588	0	1308	0	0	1	1	3	1	7	0	1969	2	484	0	0	0	0	0	0	6	2008	146900
2024	60	8850	6	7	1920	1950	0	0	0	768	768	752	624	0	1376	0	0	1	0	3	1	7	0	1977	2	576	0	54	144	0	0	0	2	2007	165000
657	60	10800	5	7	1939	2006	0	0	0	676	676	676	676	0	1352	0	1	2	0	4	1	7	0	1939	2	720	187	0	128	0	0	0	8	2009	149000
1975	60	9600	5	7	1910	2002	0	0	0	264	264	768	664	0	1432	0	0	2	0	2	1	7	0	1910	2	360	270	0	112	0	0	0	5	2007	132000
936	24	1300	6	6	1980	1980	0	285	0	276	561	561	668	0	1229	0	0	1	1	2	1	5	1	1980	2	462	150	0	0	0	0	0	5	2009	124000
418	24	2104	7	6	1976	1976	0	536	0	300	836	836	0	0	836	0	1	1	0	2	1	5	0	1976	1	345	150	20	0	0	0	0	10	2009	128500
1672	60	9000	4	6	1971	1971	0	616	0	248	864	864	0	0	864	0	0	1	0	3	1	5	0	1974	2	528	0	0	0	0	0	0	5	2007	120500
1679	24	2016	5	5	1970	1970	304	0	0	630	630	630	672	0	1302	0	0	2	1	3	1	6	0	1970	2	440	0	0	0	0	0	0	4	2007	106000
2613	79	8910	6	6	1959	1959	0	655	0	0	655	1194	0	0	1194	0	1	1	0	3	1	6	1	1954	2	539	0	0	192	0	0	0	7	2006	159500
2137	72	9720	5	7	1977	1977	51	755	0	240	995	1009	0	0	1009	0	0	2	0	3	1	6	1	1977	2	576	0	0	0	0	0	0	6	2007	160000
2664	60	3600	6	7	1910	1993	0	0	0	684	684	684	684	0	1368	0	0	1	0	3	1	7	0	1930	1	216	0	158	0	0	0	0	10	2006	114504
1886	74	7450	5	5	1956	1956	0	438	206	250	894	1074	0	0	1074	0	0	1	0	2	1	6	1	1966	2	396	0	72	0	0	0	0	1	2007	124000
970	75	12518	5	7	1968	1968	182	532	0	476	1008	1008	0	0	1008	0	0	1	0	3	1	6	0	1968	1	384	144	0	0	0	0	0	4	2009	139500
1854	50	9466	8	5	1994	1995	0	457	1037	0	1494	1494	0	0	1494	1	0	1	1	1	1	5	1	1994	2	478	0	30	0	0	217	0	5	2007	279700
1607	60	6600	5	6	1982	2005	0	638	0	207	845	845	0	0	845	0	0	1	0	3	1	6	0	1982	1	264	0	0	0	0	0	0	7	2008	134500
2926	37	7937	6	6	1984	1984	0	819	0	184	1003	1003	0	0	1003	1	0	1	0	3	1	6	0	1984	2	588	120	0	0	0	0	0	3	2006	142500
2856	84	10164	5	5	1939	1950	0	646	0	346	992	992	473	0	1465	0	0	2	0	3	1	6	2	1939	1	240	0	126	0	0	0	0	7	2006	131000
1816	50	8012	6	5	1980	1980	0	0	0	630	630	630	636	0	1266	0	0	1	1	2	1	5	2	1980	1	283	340	0	0	0	0	0	7	2007	128000
1820	80	8480	5	6	1963	1963	0	630	0	340	970	970	0	0	970	1	0	1	0	2	1	5	0	1996	2	624	0	24	0	0	192	0	7	2007	132500
1568	75	10125	6	6	1977	1977	0	641	279	276	1196	1279	0	0	1279	0	1	2	0	3	1	6	2	1980	2	473	238	83	0	0	0	0	2	2008	171500
1413	50	9360	6	8	1962	2001	216	324	0	297	621	621	648	0	1269	0	0	1	1	3	1	7	0	1962	1	280	0	236	0	0	0	0	11	2008	134500
1717	34	3901	6	5	2005	2006	182	866	0	436	1302	1302	0	0	1302	1	0	1	1	1	1	5	1	2005	2	631	110	50	0	0	0	0	8	2007	204000
454	34	5122	6	5	2005	2005	135	881	0	425	1306	1306	0	0	1306	1	0	2	0	1	1	5	1	2005	2	624	170	63	0	0	0	0	3	2009	184500
1268	60	7200	5	7	1951	1951	0	432	0	444	876	876	0	0	876	0	0	1	0	2	1	5	1	1972	2	576	0	0	0	0	0	0	2	2008	94000
255	82	14235	6	8	1900	1993	0	0	0	676	676	831	614	0	1445	0	0	2	0	3	1	6	0	1957	2	484	0	59	0	0	0	0	3	2010	138500
1273	70	7931	5	6	1960	1960	0	374	532	363	1269	1269	0	0	1269	0	0	1	1	3	1	6	1	1964	1	308	0	0	0	0	0	0	6	2008	155000
1297	60	10800	6	6	1940	1950	0	590	0	294	884	884	552	0	1436	0	0	2	0	3	2	8	2	1940	2	828	0	0	126	0	0	0	5	2008	155000
1253	80	8480	5	5	1947	1950	0	442	0	390	832	832	384	0	1216	0	0	1	0	2	1	6	0	1947	1	336	158	0	102	0	0	0	10	2008	118500
1322	60	11340	2	1	1920	1950	0	0	0	723	723	723	363	0	1086	0	0	1	0	2	1	5	0	1920	2	400	0	24	144	0	0	0	11	2008	55000
1559	60	9000	4	6	1920	1950	0	0	0	592	592	432	432	0	864	0	0	1	1	3	1	5	0	1920	1	216	0	30	160	0	0	0	6	2008	65000
2218	79	6221	5	5	1941	1950	0	533	0	195	728	760	595	0	1355	0	0	2	0	3	1	5	0	1966	2	528	0	0	0	0	144	0	10	2007	140000
72	84	10440	6	5	2005	2005	0	1414	0	54	1468	1468	0	0	1468	1	0	2	0	2	1	6	1	2005	2	528	0	102	0	0	216	0	5	2010	271500
922	130	9600	5	7	1940	1950	0	428	0	300	728	976	332	0	1308	1	0	1	1	2	1	7	2	1940	1	256	0	70	0	0	0	0	6	2009	160000
2559	80	9600	5	6	1961	1990	0	915	0	336	1251	1433	0	0	1433	1	0	1	0	3	1	7	1	1961	2	441	144	0	205	0	0	0	6	2006	161000
1839	40	3606	7	5	2006	2007	0	937	0	415	1352	1352	0	0	1352	1	0	2	0	2	1	5	1	2006	2	466	0	241	0	0	0	0	8	2007	194000
2368	21	1890	6	7	1972	1972	380	282	0	212	494	494	536	0	1030	0	0	1	1	3	1	6	0	1973	1	264	0	0	0	0	0	0	7	2006	116000
1247	102	9373	5	6	1953	1953	84	500	196	456	1152	1152	0	0	1152	0	0	1	1	3	1	6	0	1971	2	636	0	0	0	0	0	0	5	2008	137500
639	80	10400	4	5	1956	1956	0	155	750	295	1200	1200	0	0	1200	1	0	1	0	3	1	6	2	1956	1	294	0	189	140	0	0	0	11	2009	144000
2505	34	3628	7	5	2004	2004	0	0	0	1143	1143	1143	0	0	1143	0	0	1	1	1	1	5	1	2004	2	588	0	191	0	0	0	0	5	2006	176400
2546	80	8800	6	6	1964	1964	425	553	0	698	1251	1251	0	0	1251	1	0	1	0	3	1	6	2	1964	1	461	0	116	0	0	0	700	3	2006	160000
2047	60	8160	5	6	1940	1950	0	312	0	444	756	756	378	0	1134	1	0	1	1	3	1	7	0	1940	1	240	0	0	0	0	0	0	4	2007	126000
1195	65	8125	5	7	1965	2005	0	260	456	196	912	925	0	0	925	1	0	1	0	3	1	5	0	1978	2	576	233	0	0	0	0	0	7	2008	135000
1298	60	6756	5	6	1910	1950	0	0	0	481	481	899	0	0	899	0	0	1	0	2	1	5	0	1930	1	200	0	0	96	0	0	0	9	2008	78000
975	62	9858	5	6	1968	1968	0	510	0	354	864	874	0	0	874	1	0	1	0	3	1	5	0	1968	1	288	33	0	0	0	0	600	11	2009	130000
2485	60	7800	5	5	1965	1965	0	641	0	187	828	965	0	0	965	1	0	1	0	3	1	6	0	1979	1	300	421	0	0	0	0	0	7	2006	119900
793	50	9340	4	6	1941	1950	0	344	0	328	672	672	0	0	672	1	0	1	0	2	1	4	0	1941	1	234	0	113	0	0	0	0	8	2009	113000
403	21	1680	6	5	1973	1973	504	254	0	229	483	483	504	0	987	1	0	1	1	2	1	5	0	1973	1	264	0	0	0	0	0	0	7	2009	111000
1890	70	8680	5	7	1960	1960	0	0	0	894	894	894	0	0	894	0	0	1	0	3	1	5	0	1965	1	312	0	0	0	0	0	0	1	2007	117600
2611	77	9510	6	5	1962	1985	161	701	0	434	1135	1207	0	0	1207	0	0	1	1	3	1	6	0	1962	1	264	0	240	0	0	0	0	5	2006	147000
1395	60	10200	5	8	1940	1997	0	0	0	672	672	672	0	0	672	0	0	1	0	2	1	4	0	1940	1	240	168	0	0	0	0	0	8	2008	108000
2143	60	7200	5	5	1972	2000	0	671	0	193	864	864	0	0	864	1	0	1	0	3	1	5	0	1977	2	576	155	0	0	0	0	0	9	2007	127000
2647	50	5633	5	7	1925	1950	0	0	0	844	844	844	0	0	844	0	0	1	0	2	1	5	0	1925	1	216	50	81	123	0	0	0	7	2006	111500
851	65	10739	7	5	2002	2001	68	1259	0	172	1431	1444	0	0	1444	1	0	2	0	3	1	6	0	2002	2	577	144	40	0	0	0	0	4	2009	203000
2193	60	8172	4	5	1955	1955	0	682	0	182	864	864	0	0	864	1	0	1	0	3	1	5	0	1996	2	528	196	0	0	0	0	0	10	2007	79275
1497	60	7024	4	5	2005	2005	0	1024	0	108	1132	1132	0	0	1132	1	0	1	1	2	1	5	0	2005	2	451	252	64	0	0	0	0	6	2008	176000
2570	75	9000	5	5	1954	1954	0	812	0	124	936	1128	0	0	1128	0	0	1	0	2	1	5	0	1954	1	286	0	0	0	0	0	0	6	2006	118000
884	85	11069	6	5	2007	2007	0	0	0	608	608	608	788	0	1396	0	0	2	1	3	1	6	1	2007	2	440	100	36	0	0	0	0	7	2009	170000
2814	68	8846	6	5	2005	2006	0	0	0	750	750	750	750	0	1500	0	0	2	1	3	1	6	0	2005	2	564	0	35	0	0	0	0	8	2006	173900
1677	21	1890	6	5	1973	1973	285	356	0	316	672	672	546	0	1218	0	0	1	1	3	1	7	0	1973	1	264	144	28	0	0	0	0	5	2007	113000
2622	60	7200	5	7	1950	1950	0	0	0	0	0	1040	0	0	1040	0	0	1	0	2	1	5	0	1950	2	625	0	0	0	0	0	0	6	2006	109500
1510	60	8172	4	6	1954	1972	0	0	0	941	941	997	473	0	1470	0	0	2	0	4	1	7	0	1958	1	548	0	0	0	0	156	0	5	2008	135000
149	60	8382	4	5	1956	1956	0	0	0	832	832	832	505	0	1337	0	0	1	0	3	1	5	0	1956	1	263	0	0	0	0	0	0	2	2010	108000
85	88	11782	5	7	1961	1995	0	899	0	210	1109	1155	0	0	1155	1	0	1	0	3	1	6	0	1987	2	576	192	0	0	0	0	400	6	2010	148000
1543	24	1879	6	6	1980	1980	0	366	0	150	516	516	516	0	1032	0	0	1	0	2	1	5	1	1980	2	462	213	0	0	0	0	0	12	2008	116500
1979	56	3153	5	6	1920	1990	0	0	0	967	967	967	0	0	967	0	0	1	0	2	1	5	1	1920	1	180	0	0	26	0	0	0	7	2007	99900
2356	78	10140	5	6	1975	1975	0	788	0	268	1056	1074	0	0	1074	1	0	1	1	3	1	6	0	1975	2	495	0	88	0	0	0	0	7	2006	153500
473	43	3182	7	5	2005	2006	16	16	0	1204	1220	1220	0	0	1220	0	0	2	0	2	1	5	1	2005	2	397	100	16	0	0	0	0	8	2009	180000
328	31	2394	5	6	1973	1973	0	915	0	30	945	945	0	0	945	1	1	1	0	2	1	5	1	1973	1	253	174	0	56	0	108	0	5	2010	119500
2419	75	9073	7	5	2006	2006	0	0	0	738	738	738	754	0	1492	0	0	2	1	3	1	8	0	2006	2	440	100	32	0	0	0	0	10	2006	185101
2632	69	10205	5	5	1962	1962	0	784	0	141	925	999	0	0	999	1	0	1	0	3	1	6	0	1962	1	300	150	72	0	0	0	0	5	2006	134500
1983	50	6000	3	7	1948	2002	0	331	0	318	649	679	504	0	1183	0	0	1	1	2	1	6	0	1981	1	308	0	176	0	0	0	0	6	2007	120000
318	73	9802	5	5	2006	2007	0	0	0	384	384	744	700	0	1444	0	0	2	1	3	1	7	0	2007	2	400	100	0	0	0	0	0	4	2010	174000
1527	63	15564	6	6	1914	1995	0	0	0	676	676	676	588	0	1264	0	0	1	0	3	1	6	0	1994	2	400	424	0	0	0	0	400	1	2008	147500
299	35	3907	8	6	1989	1989	0	747	0	235	982	1034	0	0	1034	1	0	1	0	1	1	4	1	1989	2	598	141	36	0	0	0	0	4	2010	185000
1077	48	6240	8	5	2006	2007	196	24	0	1318	1342	1342	0	0	1342	0	0	2	0	2	1	6	1	2007	2	550	0	35	0	0	0	0	2	2008	219500
2678	51	6120	3	5	1930	1950	0	347	0	381	728	728	434	0	1162	1	0	1	0	3	1	6	0	1930	1	258	0	24	0	0	0	0	11	2006	75000
2122	105	11249	6	5	1995	1995	0	334	544	322	1200	1200	0	0	1200	1	0	2	0	3	1	6	0	1995	2	521	0	26	0	0	0	0	8	2007	177500
1162	37	3435	7	5	2004	2005	0	24	0	1211	1235	1245	0	0	1245	0	0	2	0	1	1	5	0	2004	2	495	0	100	0	0	0	0	6	2008	178000
747	50	8635	5	5	1925	1950	0	134	0	938	1072	1072	0	0	1072	1	0	1	0	2	1	5	0	1982	5	1184	0	0	105	0	0	0	8	2009	126500
1121	72	8640	8	5	2007	2008	0	24	0	1339	1363	1372	0	0	1372	0	0	2	0	3	1	6	0	2008	2	588	192	113	0	0	0	0	7	2008	212700
2250	71	9187	6	5	1983	1983	0	336	0	748	1084	1080	0	0	1080	0	0	1	1	3	1	5	0	1983	2	484	120	0	158	0	0	0	6	2007	134000
2140	75	9675	5	6	1975	1975	0	330	432	102	864	879	0	0	879	0	0	1	0	3	1	5	0	1975	2	440	0	80	0	0	0	0	9	2007	120000
1272	80	8000	5	5	1962	1962	0	520	319	188	1027	1027	0	0	1027	0	1	1	0	3	1	6	0	1962	1	299	0	0	0	0	0	0	11	2008	125900
1048	24	2308	6	6	1975	1975	0	286	294	275	855	855	601	0	1456	0	0	2	1	4	1	7	0	1975	2	460	0	0	0	0	0	0	5	2008	143000
1883	80	8892	5	5	1960	1960	66	0	0	1065	1065	1065	0	0	1065	0	0	1	1	3	1	6	0	1974	2	461	74	0	0	0	0	0	7	2007	126500
103	24	2572	7	5	1999	1999	0	604	0	92	696	696	720	0	1416	1	0	2	1	3	1	6	0	1999	2	484	0	44	0	0	0	0	5	2010	155000
1927	72	10152	5	5	1956	1956	120	586	0	462	1048	1048	0	0	1048	1	0	1	0	3	1	6	0	1956	1	286	0	20	0	0	192	0	6	2007	135000
791	68	9571	5	3	1958	1958	0	0	0	1276	1276	1276	0	0	1276	0	0	1	0	3	1	5	0	1958	1	350	0	0	0	0	0	0	6	2009	60000
1986	50	6000	4	4	1920	1950	0	250	0	710	960	960	0	0	960	0	0	1	0	2	1	5	0	1997	1	308	0	0	168	0	0	0	7	2007	108500
2612	66	7800	5	5	1964	1964	0	312	600	0	912	912	0	0	912	0	0	1	0	2	1	5	0	1964	1	288	0	0	0	0	0	0	11	2006	115000
614	68	9768	5	5	1955	1955	0	100	247	613	960	960	0	0	960	1	0	1	0	2	1	5	0	1955	1	330	0	70	0	0	0	0	2	2009	122000
1039	34	4060	6	5	1998	1999	0	266	0	1139	1405	1337	0	0	1337	1	0	2	0	2	1	5	0	1998	2	511	144	68	0	0	0	0	8	2008	181000
1738	73	8499	6	5	2006	2007	0	0	0	616	616	616	796	0	1412	0	0	2	1	3	1	6	1	2007	2	432	0	36	0	0	0	0	3	2007	156932
382	80	10400	7	5	1976	1976	189	0	0	1090	1090	1370	0	0	1370	0	0	2	0	3	1	6	1	1976	2	479	0	0	0	0	0	0	6	2009	152000
2020	52	6240	6	6	1931	1950	0	425	0	459	884	959	408	0	1367	0	0	1	0	3	1	6	1	1978	1	560	0	0	0	0	120	0	11	2007	127500
1967	80	8000	5	5	1960	1960	0	1098	154	125	1377	1377	0	0	1377	1	0	1	0	3	1	6	2	1965	1	351	0	0	0	0	0	0	11	2007	156500
1940	70	13300	5	7	1956	2000	0	377	0	551	928	928	0	0	928	0	0	1	0	2	1	4	0	1956	1	252	261	0	156	0	0	0	6	2007	132000
1154	60	6360	5	5	1963	1963	0	489	0	375	864	864	0	0	864	0	0	1	0	3	1	5	0	1963	1	276	0	0	0	0	0	650	1	2008	119916
118	80	9600	5	5	1966	1966	172	698	0	534	1232	1232	0	0	1232	1	0	1	1	3	1	6	0	1966	2	490	0	224	0	0	0	0	4	2010	142250
2178	74	8536	5	5	2006	2007	0	0	0	1125	1125	1125	0	0	1125	0	0	1	1	2	1	5	0	2007	2	430	80	64	0	0	0	0	4	2007	155000
1490	64	12102	5	5	1976	1976	222	456	0	0	456	1033	0	0	1033	0	1	1	0	3	1	6	0	1976	2	504	224	0	0	0	0	0	4	2008	165000
1742	53	3922	7	5	2006	2007	72	0	0	1258	1258	1258	0	0	1258	0	0	2	0	2	1	6	1	2007	3	648	144	16	0	0	0	0	6	2007	172500
2059	86	8665	5	5	1968	1968	89	168	288	420	876	897	0	0	897	0	0	1	0	3	1	5	0	1968	1	264	0	0	0	0	0	0	1	2007	115000
2527	90	11700	6	6	1968	1968	420	404	0	304	708	708	708	0	1416	0	0	2	1	3	1	7	1	1968	2	776	0	169	0	0	119	0	5	2006	179900
562	60	8281	5	5	1965	1965	0	553	311	0	864	864	0	0	864	0	0	1	0	3	1	5	1	1965	1	360	0	0	236	0	0	0	12	2009	62383
689	75	8604	5	7	1978	1978	124	941	0	0	941	941	0	0	941	1	0	1	0	2	1	4	0	1978	2	564	0	40	0	0	0	0	11	2009	145000
1947	60	10134	5	6	1940	1950	0	0	0	735	735	735	299	0	1034	0	0	1	0	2	1	5	0	1940	1	240	0	39	0	0	0	0	7	2007	109000
1433	75	9525	5	6	1995	2006	0	0	0	1099	1099	1099	0	0	1099	0	0	1	1	3	1	6	0	1999	1	352	278	0	0	0	0	0	6	2008	144000
1552	60	7392	5	7	1930	1995	0	0	0	520	520	912	0	0	912	0	0	1	0	2	1	5	0	1934	1	360	0	90	0	0	0	0	5	2008	99500
831	78	11645	8	5	2005	2006	76	24	0	1474	1498	1498	0	0	1498	0	0	2	0	3	1	7	1	2005	3	844	144	98	0	0	0	0	3	2009	237000
737	50	6000	6	6	1939	1950	0	0	0	780	780	825	587	0	1412	0	0	1	0	4	1	6	1	1939	1	280	45	0	0	0	0	0	5	2009	132500
1209	100	10175	6	5	1964	1964	272	490	0	935	1425	1425	0	0	1425	0	0	2	0	3	1	7	1	1964	2	576	0	0	0	407	0	0	7	2008	180500
2818	134	17755	5	4	1959	1959	132	176	0	1290	1466	1466	0	0	1466	0	0	1	1	3	1	6	2	1959	2	528	0	140	0	0	100	0	11	2006	149900
317	73	9803	7	5	2009	2010	0	0	0	1214	1214	1214	0	0	1214	0	0	2	0	2	1	6	0	2010	2	520	0	25	0	0	0	0	1	2010	179781
1933	60	10950	6	6	1952	1952	0	441	0	507	948	948	0	0	948	0	0	1	0	2	1	5	0	1952	2	410	0	48	0	0	0	0	4	2007	125000
1231	75	7875	5	6	1961	1961	136	572	0	572	1144	1144	0	0	1144	1	0	1	0	3	1	6	0	1961	2	456	0	0	0	0	0	0	9	2008	139950
1160	59	4282	7	5	2004	2004	0	16	0	1375	1391	1391	0	0	1391	0	0	2	0	2	1	5	0	2004	2	530	156	158	0	0	0	0	7	2008	196000
2565	82	9888	5	6	1954	1975	0	486	0	450	936	936	0	0	936	0	0	1	0	2	1	5	0	1954	1	240	0	0	160	0	0	0	3	2006	121000
860	60	7200	5	5	1972	1972	0	777	0	117	894	894	0	0	894	0	0	1	0	2	1	6	0	1985	2	600	215	0	0	0	0	0	9	2009	123000
2629	70	7945	5	6	1959	1959	0	179	506	465	1150	1150	0	0	1150	1	0	1	0	3	1	6	0	1959	1	300	0	0	0	0	0	0	5	2006	141000
2584	75	11310	6	5	1954	1954	0	0	0	1367	1367	1375	0	0	1375	0	0	1	0	2	1	5	1	1954	2	451	0	30	0	0	0	0	6	2006	140000
2627	60	8544	3	4	1950	1950	0	0	0	0	0	1040	0	0	1040	0	0	2	0	2	2	6	0	1949	2	400	0	0	0	0	0	0	7	2006	93500
1740	64	7713	7	5	2007	2007	16	0	0	728	728	728	728	0	1456	0	0	2	1	3	1	7	0	2007	2	400	100	24	0	0	0	0	7	2007	177594
830	64	7314	7	5	2007	2007	82	724	0	508	1232	1232	0	0	1232	1	0	2	0	2	1	6	0	2007	2	632	132	0	0	0	0	0	2	2009	194500
2286	21	1504	4	4	1972	1972	0	252	0	294	546	546	546	0	1092	0	0	1	1	3	1	5	0	1972	1	253	0	0	0	0	0	0	5	2007	85500
1210	82	9020	6	7	1966	1966	183	312	539	276	1127	1165	0	0	1165	1	0	1	1	3	1	6	0	1966	2	490	0	129	0	0	0	0	5	2008	174900
1835	45	4379	8	5	2004	2004	0	851	0	527	1378	1378	0	0	1378	1	0	2	0	2	1	6	1	2004	2	540	160	56	0	0	0	0	7	2007	214000
306	66	8712	4	7	1900	1950	0	0	0	859	859	859	319	0	1178	0	0	1	0	2	1	7	0	1964	1	384	68	0	98	0	0	0	1	2010	102776
601	65	8125	5	7	1959	1959	0	403	0	461	864	864	0	0	864	0	0	1	0	3	1	5	0	1960	1	308	0	0	0	0	0	0	9	2009	118000
842	60	8072	5	5	1994	1995	0	746	0	244	990	990	0	0	990	1	0	1	0	3	1	5	0	2000	2	480	0	64	0	0	0	0	5	2009	138000
272	70	8400	7	5	2004	2005	109	712	0	761	1473	1484	0	0	1484	1	0	2	0	3	1	7	0	2004	2	606	0	35	0	144	0	0	5	2010	213000
2651	42	7614	3	5	1905	1950	0	0	0	738	738	714	662	0	1376	0	0	1	0	2	1	7	0	1930	1	216	0	0	104	0	225	0	3	2006	96900
2374	53	4043	6	5	1975	1975	0	727	156	186	1069	1069	0	0	1069	0	1	2	0	2	1	4	1	1975	2	440	0	55	0	0	225	0	7	2006	146300
1580	75	12890	6	5	1989	1989	128	0	0	1495	1495	1495	0	0	1495	0	0	2	0	3	1	8	1	1989	2	438	252	0	192	0	0	0	7	2008	150000
307	66	8712	5	5	1952	1952	0	0	0	540	540	1044	0	0	1044	0	0	1	0	2	1	4	0	1952	2	504	0	0	0	0	0	54	6	2010	55993
1475	75	9750	7	5	2004	2004	50	24	0	1421	1445	1445	0	0	1445	0	0	2	0	3	1	6	0	2004	2	470	0	35	0	0	0	0	6	2008	186500
1920	70	8176	5	6	1958	1992	0	846	0	210	1056	1056	0	0	1056	1	0	1	0	3	1	6	0	1958	1	308	0	0	0	0	0	0	8	2007	139000
2358	78	10140	6	6	1974	1999	99	663	377	0	1040	1309	0	0	1309	1	0	1	1	3	1	5	1	1974	2	484	265	0	0	0	0	0	1	2006	181000
985	70	7669	5	6	1992	1993	0	718	110	0	828	883	0	0	883	1	0	1	0	2	1	5	1	1998	2	698	100	32	0	0	0	0	6	2009	149000
1609	74	12395	5	6	1984	1984	0	647	0	217	864	889	0	0	889	0	0	1	0	3	1	6	0	1984	2	484	0	0	0	0	0	0	4	2008	137500
1374	115	21286	5	5	1948	1950	0	0	0	720	720	720	551	0	1271	0	0	2	0	4	1	7	1	1948	1	312	0	0	108	0	0	0	8	2008	135000
1810	65	7441	7	5	2006	2006	170	0	0	1461	1461	1486	0	0	1486	0	0	2	0	3	1	7	0	2006	2	566	0	32	0	0	0	0	6	2007	181000
1434	57	9245	5	5	1994	1995	0	686	0	304	990	990	0	0	990	0	1	1	0	3	1	5	0	1996	2	672	0	0	0	0	0	0	2	2008	145000
923	80	14680	5	4	1960	1960	0	793	0	480	1273	1273	0	0	1273	0	0	1	0	2	1	5	0	1960	1	307	483	0	0	0	115	0	6	2009	155000
1337	50	6000	6	7	1929	1950	0	0	0	862	862	950	208	0	1158	0	0	1	0	3	1	5	1	1929	1	208	0	0	112	0	0	0	7	2008	120000
734	50	6000	4	6	1936	1950	0	672	0	0	672	757	567	0	1324	0	0	1	0	3	1	6	0	1936	1	240	0	0	0	0	0	0	7	2009	128000
1944	60	9600	5	7	1949	2003	0	220	0	625	845	893	0	0	893	0	1	1	0	2	1	4	0	1985	2	576	0	0	0	0	0	0	5	2007	135000
2609	83	10184	6	5	1963	1963	379	580	0	503	1083	1146	0	0	1146	0	1	1	0	3	1	6	1	1963	1	294	345	75	0	0	0	0	6	2006	165000
189	60	7740	4	7	1910	1950	0	0	0	622	622	741	622	0	1363	0	0	1	0	3	1	6	0	1966	2	528	0	0	0	0	168	0	6	2010	125500
2469	62	7500	7	5	2005	2005	0	0	0	1257	1257	1266	0	0	1266	0	0	2	0	3	1	6	1	2005	2	453	38	144	0	0	0	0	4	2006	176000
1641	60	8089	8	6	2007	2007	0	945	0	474	1419	1419	0	0	1419	1	0	2	0	2	1	7	1	2007	2	567	140	0	0	0	0	0	10	2007	392000
1851	73	7321	7	5	1999	2000	0	0	0	1339	1339	1358	0	0	1358	0	0	2	0	3	1	5	0	1999	2	625	176	174	0	0	0	0	12	2007	204000
1225	80	9600	6	5	1950	1950	0	280	0	752	1032	1032	220	0	1252	0	0	1	0	3	1	6	0	1950	1	288	0	0	96	0	0	0	4	2008	119000
2754	64	6762	7	5	2006	2006	0	0	0	1286	1286	1294	0	0	1294	0	0	2	0	2	1	6	1	2006	2	662	168	55	0	0	0	0	7	2006	193879
1597	21	1974	4	7	1973	2006	0	501	0	25	526	526	462	0	988	1	0	1	0	2	1	5	0	1973	1	297	120	101	0	0	0	0	6	2008	105000
2055	70	8400	6	5	1966	1966	0	187	627	0	814	913	0	0	913	1	0	1	0	3	1	6	0	1990	1	240	0	0	252	0	0	0	5	2007	129000
987	62	10429	5	5	1992	1992	0	330	0	294	624	624	663	0	1287	0	0	1	1	3	1	6	0	2001	2	440	150	0	0	0	0	0	7	2009	130000
2228	35	3907	8	5	1988	1988	0	577	0	427	1004	1020	0	0	1020	1	0	1	0	1	1	4	0	1988	2	509	135	0	0	0	0	0	3	2007	200000
2011	50	6000	6	6	1939	1950	0	276	0	324	600	608	624	0	1232	0	0	1	1	3	1	6	2	1939	1	217	0	0	0	0	0	0	2	2007	128000
1216	72	10007	5	7	1959	2006	54	806	0	247	1053	1053	0	0	1053	1	0	1	1	3	1	5	0	1959	1	312	0	0	0	0	0	0	8	2008	145500
2506	37	3316	8	5	2005	2005	0	1039	0	208	1247	1247	0	0	1247	1	0	1	1	1	1	4	1	2005	2	550	0	84	0	0	0	0	4	2006	197000
151	119	10895	5	6	1955	1955	0	648	0	324	972	972	0	0	972	0	0	1	0	3	1	5	0	1955	1	305	0	0	205	0	0	0	6	2010	122500
1206	77	8593	4	6	1957	1957	0	288	0	619	907	907	0	0	907	0	0	1	0	3	1	5	0	1964	1	352	0	0	0	0	0	0	7	2008	109008
2251	80	10000	5	5	2002	2002	166	585	0	856	1441	1392	0	0	1392	0	0	2	0	3	1	6	1	2002	3	650	168	49	0	0	0	0	12	2007	215000
999	57	21872	7	5	1996	1997	0	604	0	125	729	729	717	0	1446	0	1	2	1	3	1	6	1	1996	2	406	264	22	0	0	0	0	8	2008	175000
2549	75	10382	6	5	1958	1958	105	513	0	75	588	1095	0	0	1095	1	0	1	0	2	1	6	0	1958	1	264	0	0	0	0	0	0	3	2006	140000
417	24	2364	6	5	1978	1978	0	279	0	576	855	855	601	0	1456	0	0	2	1	3	1	6	1	1978	2	440	147	0	0	0	0	0	4	2009	138000
629	120	13560	6	3	1968	1968	216	0	0	1392	1392	1392	0	0	1392	1	0	1	0	2	1	5	2	1968	2	576	0	0	240	0	0	0	7	2009	110000
284	60	12180	4	4	1941	1950	0	348	0	324	672	672	252	0	924	1	0	1	0	2	1	5	0	1941	1	280	0	0	0	0	0	0	7	2010	80000
2121	65	8775	5	5	1994	1994	0	495	0	495	990	990	0	0	990	0	0	1	0	3	1	5	0	1996	1	299	0	64	0	0	0	0	4	2007	126000
1889	76	8243	5	7	1961	1961	56	700	0	264	964	964	0	0	964	0	0	1	0	3	1	5	1	1985	2	784	170	0	0	0	0	0	2	2007	137500
2300	69	7599	4	6	1982	2006	0	565	0	280	845	845	0	0	845	1	0	1	0	2	1	4	0	1987	2	360	0	0	0	0	0	0	6	2007	129500
283	52	8741	6	4	1945	1950	0	94	0	641	735	798	689	0	1487	0	0	1	1	3	1	7	1	1949	1	220	0	140	0	0	0	0	4	2010	113000
1280	60	7200	5	7	1954	1954	0	0	0	825	825	825	0	0	825	0	1	1	0	2	1	4	0	1954	1	350	0	0	0	0	0	0	7	2008	109500
1215	90	9900	5	5	1961	1961	0	0	0	1114	1114	1114	0	0	1114	1	0	1	0	3	1	5	0	1961	2	451	0	0	0	0	164	0	5	2008	140000
34	24	2280	6	6	1975	1975	0	514	0	341	855	855	601	0	1456	0	0	2	1	3	1	6	1	1975	2	440	173	0	0	0	0	0	6	2010	149900
467	149	12589	6	5	2005	2005	0	0	0	742	742	742	742	0	1484	0	0	2	1	3	1	8	1	2005	2	390	36	24	0	0	0	0	6	2009	174000
1520	60	7290	7	8	1921	1950	174	0	0	1228	1228	1424	0	0	1424	0	0	2	0	2	1	7	1	1921	1	312	0	0	90	0	0	0	4	2008	168000
1929	70	12198	5	6	1955	1975	0	780	0	424	1204	1411	0	0	1411	0	0	1	0	3	1	7	1	1955	1	310	278	82	0	0	0	0	6	2007	130000
2189	62	10042	6	8	1920	1995	0	144	278	238	660	740	125	0	865	1	0	1	0	2	1	4	1	1920	1	216	0	0	84	0	0	0	8	2007	108500
2472	91	11024	7	5	2005	2006	118	0	0	1400	1400	1400	0	0	1400	0	0	2	0	3	1	6	0	2005	2	612	144	55	0	0	0	0	10	2006	186800
462	48	6240	8	5	2006	2006	176	863	0	461	1324	1324	0	0	1324	1	0	2	0	2	1	6	1	2006	2	550	192	38	0	0	0	0	12	2009	254000
1009	40	4671	8	5	1988	1989	0	767	0	461	1228	1228	0	0	1228	1	0	2	0	2	1	5	1	1988	2	472	168	120	0	0	0	0	10	2008	189000
244	60	11100	4	7	1946	2006	0	0	0	0	0	930	0	0	930	0	0	1	0	2	1	6	0	1946	1	308	0	0	0	0	0	0	4	2010	84900
1748	87	11084	7	5	2004	2004	0	192	0	192	384	744	630	0	1374	1	0	2	1	3	1	8	1	2004	2	400	100	0	0	0	0	0	6	2007	175000
962	73	8925	8	5	2007	2007	0	16	0	1450	1466	1466	0	0	1466	0	0	2	0	3	1	7	0	2007	3	610	100	18	0	0	0	0	7	2009	201000
889	75	7950	6	6	1977	1977	140	535	0	155	690	698	728	0	1426	0	0	1	1	3	1	6	0	1977	2	440	252	0	0	0	0	0	7	2009	159500
1926	72	9770	5	5	1957	1957	0	512	0	410	922	922	0	0	922	1	0	1	0	2	1	5	0	1957	1	308	0	34	0	0	0	0	4	2007	116000
177	60	7200	5	7	1940	1992	294	510	0	278	788	804	0	0	804	1	0	1	0	2	1	4	2	1940	1	240	0	0	154	0	0	0	2	2010	119000
620	80	9600	5	6	1956	1956	0	504	0	546	1050	1050	0	0	1050	0	0	1	0	2	1	5	0	1956	1	338	0	0	0	0	0	0	6	2009	128900
725	60	5400	6	6	1920	1950	0	0	0	972	972	1044	0	436	1480	0	0	1	0	3	1	6	0	1920	1	207	0	0	176	0	0	0	9	2009	119000
2783	50	8340	6	6	1977	1977	62	509	0	166	675	686	702	0	1388	0	0	1	1	3	1	6	0	1977	1	317	406	36	0	0	0	0	12	2006	157500
1963	70	7000	5	7	1960	2002	45	588	0	422	1010	1134	0	0	1134	0	0	1	0	2	1	6	0	1960	1	254	0	16	0	0	0	0	4	2007	135000
2377	24	2280	7	7	1976	1976	0	120	492	443	1055	1055	0	0	1055	1	0	2	0	2	1	4	0	1976	1	319	0	29	0	0	0	0	4	2006	137500
2915	21	1484	4	4	1972	1972	0	252	0	294	546	546	546	0	1092	0	0	1	1	3	1	5	0	1972	1	253	0	0	0	0	0	0	5	2006	79400
649	60	7626	5	8	1952	2005	0	931	0	100	1031	1031	0	0	1031	1	0	1	0	2	1	5	0	1952	1	230	0	0	0	0	0	0	3	2009	145500
2614	60	7332	6	6	1959	1959	207	414	0	450	864	864	0	0	864	1	0	1	0	2	1	4	0	1959	1	288	168	0	0	0	0	0	10	2006	120000
1935	66	8923	5	7	1953	2006	0	643	0	365	1008	1008	0	0	1008	1	0	1	0	2	1	6	0	1953	1	240	0	18	0	0	0	0	5	2007	134500
2207	40	4280	5	6	1913	2002	0	365	0	75	440	694	0	0	694	0	0	1	0	2	1	4	1	1990	1	352	0	0	34	0	0	0	3	2007	90350
1233	101	9150	6	5	1962	1962	305	371	0	728	1099	1431	0	0	1431	0	1	1	0	3	1	6	1	1962	1	296	64	110	0	0	0	0	12	2008	165000
2756	73	8990	7	5	2006	2006	0	0	0	1498	1498	1498	0	0	1498	0	0	2	0	2	1	5	0	2006	2	675	351	33	0	0	0	0	4	2006	204900
219	75	11625	5	4	1965	1965	0	841	0	198	1039	1039	0	0	1039	1	0	1	1	3	1	6	0	1965	2	504	0	0	0	0	0	0	4	2010	131500
924	80	13360	5	7	1921	2006	0	713	0	163	876	964	0	0	964	1	0	1	0	2	1	5	0	1921	2	432	0	0	44	0	0	0	8	2009	163500
1982	120	9000	5	8	1900	2006	0	130	0	550	680	680	494	0	1174	0	0	1	0	2	1	6	1	2000	2	576	116	26	40	0	0	0	6	2007	135000
182	68	9656	2	2	1923	1970	0	0	0	678	678	832	0	0	832	0	0	1	0	2	1	5	1	1928	2	780	0	0	0	0	0	0	6	2010	12789
1244	75	9464	6	7	1958	1958	135	570	0	510	1080	1080	0	0	1080	0	0	1	0	3	1	5	0	1958	1	288	0	0	0	0	130	0	6	2008	136000
32	21	1680	6	5	1971	1971	381	0	0	525	525	525	567	0	1092	0	0	1	1	3	1	6	0	1971	1	264	0	0	0	0	0	0	3	2010	88000
1949	60	10284	4	7	1925	1993	0	1030	66	55	1151	845	436	0	1281	1	0	2	0	1	1	6	0	1978	2	580	0	0	0	0	0	0	8	2007	128500
2676	52	6240	6	6	1934	1950	0	0	0	816	816	816	0	360	1176	0	0	1	0	3	1	6	1	1985	2	528	112	0	0	0	0	400	9	2006	114500
779	88	15312	6	5	1960	1960	54	588	0	550	1138	1138	0	0	1138	0	1	1	0	3	1	6	1	1960	2	480	0	0	0	0	140	0	3	2009	148000
2585	66	12778	5	6	1952	2003	0	658	0	350	1008	1008	0	0	1008	1	0	1	0	2	1	4	0	1952	1	280	0	154	0	0	0	0	1	2006	139500
2470	60	7200	7	5	2006	2006	0	0	0	1293	1293	1301	0	0	1301	1	0	2	0	2	1	5	1	2006	2	572	216	121	0	0	0	0	8	2006	187750
2017	51	6120	5	6	1926	1950	0	351	0	405	756	903	378	0	1281	1	0	1	0	2	1	6	0	1926	2	379	25	0	0	0	0	0	8	2007	132500
974	21	1596	4	5	1973	1973	0	462	0	0	462	526	462	0	988	1	0	1	0	2	1	5	0	1973	1	297	120	101	0	0	0	0	11	2009	91000
2010	50	6125	5	7	1939	1998	0	306	0	422	728	728	546	0	1274	0	0	2	0	3	1	6	0	1939	1	224	0	0	192	0	0	0	3	2007	135000
2588	65	11050	5	5	1956	1956	0	488	0	517	1005	1005	0	0	1005	0	0	1	0	2	1	6	1	1956	1	319	0	0	0	0	288	0	7	2006	133500
165	60	7200	5	7	1951	2000	0	234	486	180	900	900	0	0	900	0	1	1	0	3	1	5	0	2005	2	576	222	32	0	0	0	0	5	2010	134800
132	80	9920	5	5	1954	1954	110	354	290	412	1056	1063	0	0	1063	1	0	1	0	3	1	6	0	1954	1	280	0	0	164	0	0	0	2	2010	128000
1825	84	7476	5	7	1968	1968	0	812	0	228	1040	1040	0	0	1040	1	0	1	1	3	1	5	0	1991	2	686	188	0	0	0	0	0	6	2007	145000
531	62	7500	7	5	2004	2005	0	410	0	811	1221	1221	0	0	1221	1	0	2	0	2	1	6	0	2004	2	400	0	113	0	0	0	0	10	2009	185000
1874	80	10800	6	5	1963	1963	203	617	264	171	1052	1052	0	0	1052	1	0	1	0	3	1	6	0	1963	1	311	0	133	0	0	0	0	2	2007	127000
2587	55	7700	5	7	1956	1956	0	271	0	30	301	1145	0	0	1145	0	0	1	0	3	1	6	0	1993	2	684	0	0	0	0	0	0	9	2006	127000
1469	37	4435	6	5	2003	2003	170	686	0	162	848	848	0	0	848	1	0	1	0	1	1	3	0	2003	2	420	140	0	0	0	0	0	3	2008	136500
1371	60	10320	6	7	1906	1995	0	0	0	756	756	756	713	0	1469	0	0	1	0	3	1	7	0	1906	1	216	57	0	239	0	0	0	6	2008	135000
982	62	7706	6	5	1993	1996	0	114	270	0	384	1091	0	0	1091	0	1	1	0	2	1	5	0	1993	1	429	280	0	0	0	0	700	8	2009	131250
2110	73	8760	8	5	2006	2006	132	36	0	1453	1489	1500	0	0	1500	0	0	2	0	3	1	7	1	2005	2	674	144	38	0	0	0	0	6	2007	212999
1736	73	8993	7	5	2007	2007	0	0	0	1302	1302	1302	0	0	1302	0	0	2	0	3	1	6	0	2007	2	436	0	22	0	0	0	0	8	2007	176485
622	80	9600	5	7	1950	2007	0	607	0	506	1113	1113	0	0	1113	0	0	1	0	3	1	5	1	1950	1	264	0	80	120	0	0	0	7	2009	147000
365	99	11851	7	5	1990	1990	0	0	0	1424	1424	1442	0	0	1442	0	0	2	0	3	1	5	0	1990	2	500	0	34	0	508	0	0	5	2009	180500
263	68	7480	5	6	1972	1972	0	480	0	396	876	876	0	0	876	1	0	1	0	3	1	5	0	1977	2	484	0	0	0	0	0	0	6	2010	127000
260	38	15240	5	8	1977	2004	0	198	688	140	1026	1026	0	0	1026	1	0	1	1	3	1	5	0	1977	1	308	316	85	0	0	0	0	6	2010	150000
2775	79	9236	6	5	1997	1997	0	1200	0	279	1479	1494	0	0	1494	1	0	2	0	3	1	6	0	1997	2	576	168	27	0	0	0	0	7	2006	217000
925	54	7681	5	6	1921	1950	0	0	0	731	731	820	523	0	1343	0	0	1	1	3	1	7	1	1921	1	186	192	0	102	0	0	0	7	2009	154900
2244	65	6565	4	6	1957	1980	0	967	0	106	1073	1073	0	0	1073	1	0	1	0	3	1	6	0	1985	2	720	0	444	0	0	0	0	8	2007	140000
2361	71	9353	4	5	1970	1970	0	0	0	864	864	864	0	0	864	0	0	1	0	3	1	5	0	1972	1	280	0	0	0	0	0	0	7	2006	116050
1992	60	9600	5	8	1925	1994	0	0	0	702	702	842	630	0	1472	0	0	1	0	3	1	6	0	1925	1	250	0	0	84	0	0	0	7	2007	125000
2649	60	7200	4	5	1950	1950	0	0	0	576	576	864	0	0	864	0	0	1	0	2	1	5	0	1952	1	528	0	0	0	0	115	0	8	2006	105000
1930	75	10050	5	5	1955	1955	0	288	0	928	1216	1216	0	0	1216	1	0	1	0	3	1	5	0	1955	1	336	0	0	0	0	0	0	8	2007	129500
2600	60	7008	4	8	1900	1998	0	0	0	448	448	448	272	0	720	0	0	1	0	1	1	5	0	1900	1	280	0	0	70	0	0	0	3	2006	86900
1250	60	7350	5	7	1951	1951	0	852	0	100	952	952	0	0	952	1	0	1	0	2	1	4	0	1988	2	840	0	0	0	0	0	0	6	2008	139000
543	61	7328	7	5	2008	2009	140	0	0	1450	1450	1450	0	0	1450	0	0	2	0	2	1	6	0	2008	3	788	0	93	0	0	0	0	2	2009	224243
225	65	7832	5	5	1968	1968	0	775	0	89	864	864	0	0	864	1	0	1	0	2	1	4	0	1969	1	280	226	0	0	0	0	0	5	2010	137250
644	79	10634	5	6	1953	1953	0	428	180	0	608	1319	0	0	1319	1	0	1	0	3	1	5	0	1953	1	270	66	0	0	0	0	0	11	2009	123000
645	67	13070	5	5	1951	1951	0	308	0	323	631	1112	0	0	1112	0	0	1	0	2	1	5	0	1951	2	480	0	0	0	0	255	0	10	2009	126000
249	73	9069	6	6	1992	1992	0	747	0	189	936	996	0	0	996	1	0	1	0	2	1	5	0	1992	2	564	120	0	0	0	0	0	4	2010	147000
2233	50	7000	6	7	1940	1950	0	375	0	345	720	720	495	0	1215	0	0	1	0	3	1	6	0	1965	2	720	0	0	30	0	0	0	5	2007	141000
